"ECS" "pdf.landocean" "pdf.land" "pdf.ocean" "pdf.dust0x" "pdf.dust2x" "pdf.wind1x" "pdf.wind2x" "pdf.sl0x" "pdf.sl2x"
0 6.85758444513498e-17 1.22521168430315e-11 4.75216752408513e-17 4.4349826006891e-17 0 1.34400207308894e-17 1.57973844508912e-17 6.61902657988178e-17 6.77522315130812e-17
0.01 4.18190804258239e-17 2.85392484992941e-11 8.63274960592923e-17 5.21818898817202e-17 2.40258125762166e-17 6.7661258259278e-19 5.39796851962762e-17 8.6304526080034e-17 6.21215935645792e-17
0.02 2.61370895460677e-17 6.41413238684729e-11 3.25373603311418e-17 5.46034640953361e-19 4.96093272506065e-17 0 2.02222820516187e-17 3.92388756908462e-17 1.93029695409223e-17
0.03 6.63532698391472e-17 1.40796734870213e-10 2.11357171710248e-17 2.54376839530586e-17 1.19815852240083e-17 0 0 1.23442317599904e-16 7.72493176660797e-17
0.04 1.40092236189094e-17 3.06557029839237e-10 7.61131746063982e-17 7.60807484988602e-18 1.16650985528736e-17 0 2.77691154253410e-18 6.62678455010358e-17 2.43196980145689e-17
0.05 5.50155801399249e-17 6.35582888312016e-10 1.49968251407743e-17 0 1.92752364790617e-18 0 0 5.72824747791654e-17 4.49410657303701e-17
0.06 9.38377540171855e-17 1.33853372613993e-09 7.30521313439077e-17 8.3022521381872e-17 6.2446371549388e-18 0 0 1.12078668891024e-16 2.86000829956445e-17
0.07 5.47523771496752e-17 2.63585755361976e-09 3.79881235949498e-17 2.85575662929059e-17 5.16141961602169e-17 0 1.86956604808201e-17 6.16402885465201e-17 3.41839526010733e-17
0.08 4.27871132908383e-17 5.34331032612946e-09 1.36622903974008e-18 1.16456107410530e-17 1.67548117269972e-17 2.82300494370685e-17 0 3.79285308059927e-17 5.09850390170842e-17
0.09 7.63895813510218e-17 1.01709460780678e-08 7.13180067388332e-17 3.87040904975727e-17 6.76408724068633e-17 8.7814309176839e-18 1.77450851587302e-17 8.71517815083573e-17 2.60993512106054e-17
0.1 4.39915623841502e-17 1.95158219130419e-08 0 0 8.6824742363009e-17 2.19817277057999e-18 3.65591602409342e-17 5.83645596045212e-17 3.81639164714898e-17
0.11 7.83723599602387e-17 3.58641167514801e-08 1.59039421833690e-17 4.63830744210995e-17 2.29886218793428e-17 2.63555529176880e-17 0 8.38446928410252e-17 7.1733520443901e-17
0.12 8.32492762626899e-18 6.52676244716355e-08 6.18751327045732e-17 2.09584070087495e-17 7.26234188792379e-17 3.45105430672971e-18 5.34960292373662e-17 3.29670326476511e-17 2.82643417118426e-17
0.13 4.50098592034783e-17 1.15642504498246e-07 0 0 1.79620691626790e-17 2.30318974148206e-17 0 5.49467017061519e-17 1.20318856535752e-17
0.14 5.42217601661353e-17 2.00023954449057e-07 3.8260215662395e-18 2.93717987603817e-17 3.60496049979561e-17 0 0 1.38660811761358e-16 2.84156042953169e-17
0.15 1.32428250611521e-17 3.41230994862173e-07 7.39947769294252e-18 0 4.04196721895681e-17 1.01328395008667e-17 4.63059270506461e-18 2.13548478333107e-17 2.94790742980701e-17
0.16 6.35188361815259e-17 5.62174573359386e-07 5.59872911948137e-18 0 0 2.64690867059609e-17 0 7.2748849288815e-17 2.59823663271025e-17
0.17 3.70795675703510e-17 9.22112869214043e-07 3.78696959367522e-17 0 0 6.71881453890156e-17 7.0906569079179e-17 8.30460374081601e-17 1.25151511079973e-17
0.18 8.84478722032821e-17 1.45198118397971e-06 2.51752569281410e-19 0 3.54297049549355e-17 0 0 1.60694733908695e-17 0
0.19 4.26555651515874e-17 2.28389039619944e-06 2.89563997581576e-17 0 0 0 3.43145036116456e-18 7.37403532051894e-17 0
0.2 1.32420668461022e-18 3.46135424061189e-06 1.71823432973604e-17 5.09135719142414e-18 2.63698581927828e-17 0 3.86643120175347e-17 8.98113165850896e-18 1.52607146645644e-17
0.21 4.1757371332636e-17 5.18925765500145e-06 0 8.0687663737004e-18 3.33520362108145e-18 0 0 4.28935215198361e-17 3.95374916156178e-18
0.22 3.22317057558031e-17 7.56267082598742e-06 1.04634044884805e-17 0 0 0 3.1843459373596e-17 1.05488169407229e-16 4.02925443264129e-18
0.23 0 1.08272381155189e-05 1.47576597768675e-17 0 3.39112136318675e-17 0 0 0 0
0.24 3.41524439037728e-18 1.51629811824749e-05 0 0 0 0 0 2.45443256802849e-17 0
0.25 2.47197042250237e-17 2.07717452789342e-05 1.49528769216393e-17 0 0 1.77752717210718e-18 0 5.27935834668201e-17 0
0.26 0 2.79447381627713e-05 1.71676253784608e-17 0 0 1.73957587063713e-17 0 0 0
0.27 3.83188772144125e-17 3.67072718111264e-05 2.65611947935132e-17 0 0 0 4.66717515671716e-17 2.22236777148177e-17 0
0.28 2.4208670757845e-17 4.74544497635884e-05 5.0688511598116e-17 0 1.67847740695963e-17 0 0 4.55791087544922e-19 0
0.29 2.63306612973422e-17 5.99297654105339e-05 3.14911506977102e-17 0 3.74298667779777e-18 1.77017287909214e-17 0 2.47921562840807e-17 0
0.3 4.73795313850985e-17 7.4529925479514e-05 2.7491896878055e-17 0 4.04579051232488e-17 0 6.9952284748402e-17 6.72206913230918e-17 3.93204802445871e-18
0.31 2.21178127771266e-17 9.08046378972429e-05 2.83349634726232e-17 0 5.207430354916e-17 0 0 1.19722689266884e-17 5.90402141654189e-19
0.32 6.99155809086988e-17 0.000108888953536061 1.93465932149578e-17 1.63162664563244e-16 6.96693893787263e-18 0 0 2.08166817117217e-17 5.71906958569904e-17
0.33 5.68120913387986e-17 0.000128419504669212 3.65962578894949e-17 8.65202840671937e-17 0 0 0 4.59996553175207e-17 3.38401711980974e-18
0.34 5.56680152850205e-17 0.000149316622485110 2.01267309472067e-18 8.15475469472134e-18 5.93413490074938e-17 0 0 0 3.66420802177392e-17
0.35 6.05565107674254e-17 0.000171415543765513 0 5.20661438861771e-17 2.47589011038711e-17 0 0 5.12427678564489e-17 9.25165411669768e-17
0.36 2.40112530700361e-17 0.000194665862128924 0 2.84263940096771e-18 3.74075761814543e-17 1.75889600271558e-17 5.53889783360308e-17 1.95785444257023e-18 7.82135669611158e-17
0.37 8.7727599610099e-17 0.00021924830246541 3.20362168290338e-17 1.33131741748588e-17 6.86947628058493e-17 0 7.19666600594635e-17 1.98040819673395e-17 7.12719007527323e-17
0.38 6.67055134760921e-17 0.000245281390833109 7.19872762607915e-17 9.91067024618786e-17 4.38806497726188e-17 0 1.19203537675459e-16 5.52711635000184e-17 6.04855180228727e-17
0.39 5.34821371375143e-17 0.000273438833062666 3.80621065227864e-17 7.04361275032062e-18 5.99900633975588e-17 2.21704246413931e-17 1.50972090037818e-16 0 9.27937336946792e-17
0.4 3.37418990303675e-17 0.000303828227689871 6.28708135688615e-17 6.93889390390723e-17 3.02312178852852e-17 1.94566865010885e-16 2.28409470608406e-16 9.68302377724582e-17 8.67715035269563e-17
0.41 5.33428465775249e-17 0.000337553096271829 3.69148826827762e-17 4.95197712098540e-17 2.08166817117217e-17 1.39884968165208e-16 1.84063852217475e-16 1.03293676267236e-17 1.01950855178340e-16
0.42 2.58894331777798e-17 0.000374417087236671 3.07517923406560e-18 2.62337113588036e-17 1.41687858564953e-17 7.39336183628615e-17 2.28852445413177e-16 4.50583008938297e-19 1.25327361614719e-16
0.43 1.07150081139934e-16 0.000415171144086859 5.57446518887455e-17 5.53197011064839e-17 0 9.32658112646536e-19 1.89565379779365e-16 4.16333634234434e-17 7.64712139298444e-17
0.44 6.15682516321568e-18 0.000459297907776469 3.48643583049385e-17 7.5572766332641e-17 8.80121901210172e-18 1.07804593020257e-16 3.22117517702601e-16 6.90570740177854e-19 7.68116807258214e-17
0.45 6.28837611067078e-17 0.000506491194651225 4.16773801550995e-17 0 1.64317327377207e-17 1.01450842992868e-16 1.52347595378294e-16 4.25190251973972e-17 8.16869394384158e-17
0.46 3.79779972784291e-17 0.000555740110388872 3.09594334621778e-17 0 4.36928844195083e-18 2.64004829732523e-17 2.37332556005434e-16 8.05648448275624e-17 1.82785466881951e-17
0.47 2.27372962987203e-17 0.000605680892864229 1.20707756570322e-17 0 1.38777878078145e-17 1.26305087032373e-17 1.88189874438888e-16 6.30097198315417e-18 8.44518003346082e-17
0.48 2.09251991630293e-17 0.000654716233012727 6.36178224726904e-18 1.43558656693246e-17 0 4.91292784430218e-17 1.75282879080231e-16 4.04507090702503e-18 1.01804999822185e-17
0.49 3.30525876955267e-17 0.000701336448160331 2.45206561907708e-17 5.74360344242444e-17 0 5.08902019011614e-17 1.18496962673505e-16 3.35823452215804e-17 7.22705346584505e-18
0.5 2.72057233330107e-17 0.000743469472937154 3.11522551233428e-18 0 0 1.28211551869966e-16 1.88190121338897e-16 0 4.37109594488658e-18
0.51 1.27470854775857e-17 0.000780727344447555 2.22283992750079e-17 3.18372250065195e-17 0 5.7039843899832e-17 2.11940607145493e-16 0 3.41322334134393e-17
0.52 2.98159019932002e-18 0.000811197955339069 8.61134027464576e-18 2.01574867939569e-17 6.41298787447625e-18 1.59050250341913e-16 1.93477986711097e-16 0 2.0231014637217e-17
0.53 5.97241738601137e-17 0.000835992363846815 0 0 4.01884377945944e-18 7.67516171854152e-17 2.18958567566993e-16 0 3.585611203885e-17
0.54 5.65332630968776e-17 0.000854796310290157 1.24479638195663e-17 0 0 2.38298118496578e-17 2.03984648491279e-16 0 1.50949450324742e-19
0.55 4.08125825790602e-17 0.000869376355636804 0 0 8.3754281680561e-17 1.49181550241028e-16 2.10604635063813e-16 0 2.37480834119253e-17
0.56 4.92383077015298e-17 0.000881219275164738 0 0 0 1.38648533251158e-16 2.2111617217068e-16 2.27374735911832e-18 3.64260159201350e-17
0.57 3.9000227088612e-17 0.000892400315962085 2.93231999413631e-17 4.69472188219275e-18 3.34077494799244e-17 3.73944854701154e-17 2.53979152380577e-16 7.98827522141054e-18 5.86984490929631e-18
0.58 9.0732206456343e-17 0.000905098753600738 2.42033665734462e-18 0 8.24196188789417e-17 1.20237428074567e-16 3.39142956969983e-17 7.69915172934572e-18 2.57212825526824e-18
0.59 7.48099365625314e-17 0.000921557875153454 0 4.72145881180035e-18 0 1.85551862403547e-17 5.88708480648554e-17 4.49553210805317e-17 1.24652782173520e-17
0.6 0 0.000943150854744745 3.95601802199314e-17 1.52961527624988e-17 3.73503689392563e-17 4.57333235260295e-17 7.9090272817966e-17 0 1.52792692722068e-17
0.61 3.81020613516987e-17 0.000972237976884077 7.78130369228755e-18 0 2.52406209843579e-17 1.48863554967334e-16 1.27186279763935e-16 0 0
0.62 2.77284013215400e-17 0.00100844077344061 1.47764335852532e-17 0 7.74032968314064e-17 5.62330312975906e-17 1.32954835777784e-16 5.88834156687043e-18 1.35348541665332e-18
0.63 1.42263174938079e-17 0.00105379420376341 1.97597675353802e-17 5.88646566807536e-18 4.38328534458764e-16 1.55665735925866e-16 6.59228924707971e-17 0 2.82357193685222e-18
0.64 9.94253062572471e-17 0.00110649548291830 1.79829440419194e-17 1.4038711636561e-17 1.84189163188596e-15 7.32543616563499e-17 7.72020108795747e-17 4.90959994739551e-17 0
0.65 3.30369315536133e-17 0.00116689508810433 6.39844001947552e-17 4.57728711413218e-17 9.87350356785577e-15 1.10099295919558e-16 1.56270125698552e-16 2.84072042448089e-17 0
0.66 3.93023612224569e-17 0.00123287991771037 3.12197173473473e-17 6.24213161249818e-16 5.51044763448176e-14 1.29246185451038e-16 1.85792179130011e-16 2.98954408995107e-17 0
0.67 8.01768185787345e-17 0.00130282184679171 1.04142451106405e-16 5.45344212571198e-15 2.60451879371017e-13 4.1331398797739e-18 1.56103359042839e-16 4.61892964728828e-16 0
0.68 5.62390511088199e-17 0.00137426553436088 1.42247325030098e-16 3.79552370166257e-14 1.28831594292629e-12 6.64916493851503e-17 6.37256744606573e-18 2.15059584821528e-15 0
0.69 6.93890289015964e-17 0.0014444436503549 2.01115047172680e-17 2.50496759890098e-13 5.47149252604713e-12 5.03647796184758e-17 6.44376678744663e-17 1.46727605867268e-14 0
0.7 1.16603313567165e-16 0.00151029241457692 7.53826198645193e-17 1.47064123328357e-12 2.37673082139381e-11 3.39950152080184e-17 8.41697400998248e-17 9.5165473063934e-14 0
0.71 1.79826101531532e-17 0.00156956777548131 4.55858186505116e-16 8.29241472298088e-12 9.03716676265312e-11 6.64707536793495e-17 8.95284888667577e-17 5.52154419883085e-13 0
0.72 1.27170496791328e-16 0.00161855410212610 1.95042116677607e-15 4.13109558963225e-11 3.45164042381334e-10 9.39213919298003e-18 5.99901632727853e-17 3.09887368982253e-12 0
0.73 8.44362453527637e-17 0.00165728627047268 1.15437954005204e-14 1.98545169925135e-10 1.17339286506939e-09 6.50467591490537e-17 2.81595698414444e-20 1.54588279975778e-11 4.25151603938608e-18
0.74 1.27002252563631e-16 0.0016824229025755 5.5612229449806e-14 8.41565333205695e-10 3.94579955553901e-09 4.74406151260391e-17 1.79111389855184e-17 7.4539783973296e-11 1.47390114780326e-17
0.75 1.88792992634551e-16 0.00169650137028508 2.97840838358707e-13 3.44250254933657e-09 1.19785119561504e-08 3.99502632650651e-17 0 3.19708549533933e-10 4.66984772658714e-18
0.76 3.63820670613793e-16 0.00169917827520414 1.31938198028516e-12 1.24418506752426e-08 3.5509953677476e-08 1.52031390750284e-16 0 1.32423223402854e-09 1.23476654472760e-17
0.77 1.87984237252973e-15 0.00169399333301009 6.25105288972273e-12 4.32781887472382e-08 9.61602635382313e-08 7.50592510267749e-17 1.15833362046875e-16 4.89393298847527e-09 5.7398892309836e-17
0.78 1.37262827055281e-14 0.00168400663050962 2.51195145161359e-11 1.33613930379249e-07 2.51619587704734e-07 6.7181313412997e-17 2.64517466464671e-17 1.74252263905727e-08 5.94172634874995e-17
0.79 7.86582065768658e-14 0.00167334501463306 1.05328372619505e-10 3.95060884301751e-07 6.07242008688793e-07 1.29126924358571e-16 3.49284262329439e-17 5.56397046124135e-08 2.40822202796079e-17
0.8 5.2359334818618e-13 0.00166630509828747 3.83361984754187e-10 1.04350605467530e-06 1.40433803302287e-06 1.97066875433497e-17 2.83293605319107e-17 1.70666318081016e-07 9.52770302216304e-17
0.81 2.65153019331918e-12 0.0016672647214299 1.42552121949871e-09 2.62294832716534e-06 3.01837360051720e-06 1.21814582632247e-16 8.514054759972e-18 4.72686374653845e-07 4.55269340717229e-17
0.82 1.50632787588407e-11 0.00167857892727284 4.69479352345739e-09 5.93551562476621e-06 6.17860408657449e-06 9.44452866649739e-17 1.62259557632547e-16 1.25454476012819e-06 9.32775341545737e-17
0.83 6.67117088629488e-11 0.00170432843632758 1.55164663079586e-08 1.26915646096034e-05 1.18258849106665e-05 0 4.88854343976247e-17 3.03248771038485e-06 9.5866119519559e-17
0.84 3.23497698273326e-10 0.00174301048563315 4.62077770736662e-08 2.46345675242771e-05 2.14731266211636e-05 1.91701029366668e-16 9.02116389080584e-17 7.0189079742091e-06 7.51209627701494e-16
0.85 1.25395436235798e-09 0.00179708233108163 1.3607488517259e-07 4.48610920213993e-05 3.66459482528042e-05 3.71487764829981e-17 7.54045507680065e-16 1.49516365135288e-05 7.43532252565202e-15
0.86 5.20117063388819e-09 0.00186238314152646 3.66324667497692e-07 7.47706167233392e-05 5.926919419365e-05 1.68152247121299e-16 6.95039992388624e-13 3.05623140462793e-05 8.0245124424352e-14
0.87 1.7671717482779e-08 0.00193806460657174 9.63921214645493e-07 0.000116160362381113 9.06225286332256e-05 1.50484195640556e-16 8.26077266324718e-11 5.82032374734692e-05 6.5941087256903e-13
0.88 6.28786641642918e-08 0.00202021650739445 2.34672476315497e-06 0.000166409712145272 0.000131840706031492 2.8460230355244e-18 1.37905122365435e-08 0.000106924733085458 5.44079074329668e-12
0.89 1.87639786322132e-07 0.00210614608635697 5.53639281693411e-06 0.000221049939367465 0.000183238929318112 1.31422011538215e-16 3.81961105920974e-07 0.000185380173820452 3.72378867033243e-11
0.9 5.74991903303323e-07 0.00219323800573458 1.22059430274538e-05 0.000272469383887776 0.000245927148078706 2.81334280011944e-16 9.24643754838285e-06 0.000312118094736402 2.38013908534184e-10
0.91 1.51134856010511e-06 0.00227973065012426 2.59306643151289e-05 0.000310475597367413 0.000322830611639235 1.01760718028421e-13 6.35014402425953e-05 0.000501460730581699 1.33837977129148e-09
0.92 4.00978713351486e-06 0.00236491828644946 5.19176365049152e-05 0.000329953201900716 0.000423470686378549 5.67704374194355e-12 0.000233791045614702 0.000786335195398166 6.72952564497866e-09
0.93 9.3213507883432e-06 0.00244938348917430 9.99016952349825e-05 0.000324725295091501 0.000565804720202789 6.49010580324419e-10 0.000365335210829442 0.00118565211358986 3.07876384852782e-08
0.94 2.15662022527331e-05 0.00253472046100327 0.000182558999930118 0.000300168855679277 0.000786594841930648 1.51370543857182e-08 0.000243410433991098 0.00174964255311492 1.23137078648517e-07
0.95 4.46015015522729e-05 0.00262288853151546 0.000320752194491206 0.000261324111326233 0.00113881424896614 5.28880090379703e-07 7.46443836671414e-05 0.00249759605222842 4.55398633976764e-07
0.96 9.08687431277957e-05 0.00271763292389648 0.00053922373852221 0.000219655211143073 0.00170962422162592 5.76674847745657e-06 1.12360879484864e-05 0.00350237338836237 1.46093829141377e-06
0.97 0.000168629511671690 0.00282033692276866 0.00087448476675317 0.000186353740186521 0.00260492956106049 5.76946819796791e-05 6.7118654906677e-07 0.00478723301110593 4.35194170208334e-06
0.98 0.000306575735766972 0.00293472200074092 0.00136768440610332 0.000167710325757673 0.00397477218865844 0.000280109329164067 3.21106202361955e-08 0.00647657675722795 1.12745318853879e-05
0.99 0.000516861491486968 0.00306103800697984 0.00207505996160805 0.000172584216665748 0.00597817408590287 0.000914888943186505 8.89398799696947e-07 0.00862027263914929 2.70403329821373e-05
1 0.000853593645826006 0.00320057818872027 0.00306041215558501 0.000199335509151566 0.00881308697059965 0.00187888736819207 1.54529714464391e-05 0.0114591645000661 5.69595107242867e-05
1.01 0.00132973979309124 0.00335251028985895 0.004406052650309 0.000255179976907974 0.0126666463592861 0.00270432425570824 0.000241281382913441 0.0150891477573506 0.000110475328726977
1.02 0.00203896398916493 0.00351504898088979 0.00620796653636393 0.000337993185234304 0.0177517261125562 0.00305643380711413 0.00126481958151510 0.0199383541286651 0.000191123604084787
1.03 0.00299578872003443 0.00368659395332009 0.00857888719713565 0.000463220399993926 0.0242655189917125 0.00324394367787493 0.0039100294869296 0.0261191780027077 0.000304018877726507
1.04 0.00435251075693147 0.00386375037203291 0.0116497189730288 0.000633997935895086 0.0324419183598320 0.00366870533959584 0.00679047659602959 0.0342728459659468 0.000440961798508378
1.05 0.00612638719495204 0.00404459146982478 0.0155492837680640 0.000878382130209506 0.0425321538350072 0.00425681664259219 0.0092319643401459 0.0444358104011034 0.000595570747826355
1.06 0.00853030041014161 0.00422643770138731 0.0204237965787572 0.00119706139821144 0.0548648409278484 0.00505273897342308 0.0137287703990684 0.057417983924188 0.000758366171324438
1.07 0.0115465017963141 0.00440773531683663 0.0263790062312458 0.00161513645728031 0.0698198695461955 0.00643945428492614 0.0190704715585350 0.0730614663505209 0.00093363958834188
1.08 0.0153729038188188 0.00458783347633319 0.0335411295561143 0.00211418364026075 0.087853921481936 0.00874236444452534 0.0216239747943546 0.0922439230191489 0.00113360733787292
1.09 0.0198825084611092 0.0047666634488339 0.0419563267419199 0.00269418959656383 0.109437447640025 0.0113938532601224 0.0237569216727672 0.114534462978162 0.00139877784046001
1.1 0.0251376226059973 0.00494519980298726 0.0517118061459763 0.00332259932663885 0.135005812280568 0.0141309782119881 0.0302409258067328 0.140783231978866 0.00175415009900557
1.11 0.030912118118192 0.00512504982570598 0.0627938930732053 0.00398919673284161 0.164907475142645 0.0173133168522242 0.0405383411454422 0.170314754427110 0.00226753832423297
1.12 0.0371651167347166 0.00530816645005597 0.0752658259558588 0.00468788220650101 0.199288360989315 0.0215292462325296 0.050189178249069 0.203943967780639 0.00295457309826125
1.13 0.0437586145850983 0.00549669827352451 0.0890858699716222 0.00545334230235485 0.238162796511075 0.0263679548157256 0.0587889027719026 0.240885312738857 0.00387830965439724
1.14 0.0507964930836583 0.00569332503739366 0.104326554902645 0.00633289151269306 0.281288200507845 0.0300047113779633 0.0668117159212564 0.281958583521203 0.00501401657673223
1.15 0.0583868336354332 0.00589918195422061 0.120955697680243 0.00742538929701877 0.328420932996846 0.031589715193492 0.073282563563026 0.32646405013139 0.00635728805312524
1.16 0.0669193405506974 0.00611776025003738 0.139095577878882 0.00878717147875016 0.379240167813369 0.0331315989749505 0.0777485655506521 0.375420023615016 0.0078155975786847
1.17 0.0765965056177726 0.00634829462763349 0.158768065609930 0.0105149920484344 0.433692945329463 0.0363654371856823 0.0793469262142167 0.428420154890029 0.00929647152513867
1.18 0.0878824586898489 0.00659480882660221 0.180211220513983 0.0126013815291235 0.491923971635568 0.0409419882650246 0.0789828353278932 0.487077085296833 0.0106864901479205
1.19 0.100782362261836 0.00685538993208655 0.203558260921188 0.0150757845471818 0.554486737338818 0.0469889850319071 0.0743284215687542 0.551328383328428 0.0118881897332199
1.2 0.115577048562291 0.00713305596133875 0.229237065453204 0.0178795356839369 0.622101602708084 0.0539014437121660 0.0693297754324989 0.623481182882304 0.0128658371404293
1.21 0.132064947107431 0.00742664522506269 0.257483794444203 0.0210188357978656 0.695649300250489 0.0612335747035671 0.075463840088647 0.703316420034132 0.0136489668494213
1.22 0.150406196918616 0.00773771859735658 0.28886807303491 0.0244751602400318 0.77563187887432 0.0693732317464 0.0859406547819934 0.793038555751567 0.0143796646211308
1.23 0.170422500549593 0.00806649597416486 0.323512012616569 0.0283108081723185 0.8622160237583 0.0788506487845165 0.0891329727086295 0.891370524734738 0.0152576647127056
1.24 0.192303670645479 0.00841325649125234 0.361806853005444 0.032575172554937 0.954518194841846 0.0900124021557513 0.0902210588768332 0.999001589125408 0.0165129665390021
1.25 0.215891242408459 0.00878022268020835 0.403344595140617 0.0373695221934598 1.05103429466343 0.101592414621151 0.094512866144221 1.11308747053853 0.0182615447719146
1.26 0.241204499814243 0.00916646748551186 0.447820771423932 0.042741204329715 1.14905019902876 0.110497587048127 0.0959804414628882 1.23180411108694 0.0205304366347842
1.27 0.267779042566313 0.00957697593014835 0.494009084440586 0.0487371892884381 1.24537467075450 0.117016121469093 0.0916208791686518 1.35121857180297 0.0231827621718553
1.28 0.295104229781267 0.0100094718340547 0.540588666504293 0.0553012008373394 1.33619313760598 0.124255293987904 0.0864809266867855 1.46721080311245 0.0261008475945545
1.29 0.322308434397797 0.0104715075863640 0.585790590443551 0.0623172486619576 1.41757950720543 0.133644513834377 0.086716599158635 1.57603469144058 0.029198165568861
1.3 0.348466246554090 0.0109602716423383 0.627569965417469 0.0695439581714416 1.48605084602164 0.143865579893397 0.091472352982094 1.67261606614491 0.0325533142662225
1.31 0.372748322616836 0.0114825604804227 0.664486708262456 0.0766899867058348 1.53828281334971 0.152938446746176 0.0921451616346113 1.75477940105066 0.036236841911701
1.32 0.394395106926201 0.0120369310506267 0.694608079387487 0.0834213118119571 1.57245406940091 0.161975266488018 0.0897082980735146 1.81832459055834 0.0403316951335048
1.33 0.413073468985374 0.0126266472710944 0.717663753869942 0.089500557956245 1.58688130589755 0.171748578150016 0.0906868666507543 1.86354361180922 0.0446096680315657
1.34 0.428499345040941 0.0132512024367269 0.732559838499147 0.0947915305392408 1.58198899041473 0.176760231786431 0.0926502771829013 1.88848989551487 0.0485883048345676
1.35 0.440752291577333 0.0139085254288974 0.740274605243146 0.0993660747244465 1.55804308430874 0.168596061119474 0.0892851641353831 1.895637676202 0.0517767969361914
1.36 0.449841513896173 0.0145981068558135 0.740611034162898 0.103396102485684 1.51740455188271 0.151293271899978 0.0827543974662187 1.88510614061922 0.0534022091031523
1.37 0.455927789868522 0.0153125877423918 0.73514567096807 0.107129189751320 1.46191530690835 0.136226173609637 0.0775483952886308 1.85996828842415 0.0535576712607574
1.38 0.459046685709261 0.0160500179373584 0.724153337899334 0.110743700673088 1.39500576709740 0.128977998403514 0.0740197555247988 1.82098761259528 0.0521691277634058
1.39 0.459210751673490 0.0168005711044525 0.709138914828168 0.114302971226560 1.31933419980833 0.129143401584524 0.0716985262319778 1.77051605588294 0.0500067311824479
1.4 0.456351431213458 0.0175591944002722 0.69049198780718 0.117732386987937 1.23832816462034 0.129259169033319 0.0700790812822106 1.70925432909638 0.0476781183968795
1.41 0.450360813415066 0.0183179101247852 0.669378041016816 0.120924006594601 1.15453210897711 0.124674388648599 0.0666863021956986 1.6390945756848 0.0457842327815255
1.42 0.441302001979208 0.019069851984972 0.646168216953965 0.123750008890983 1.07040733223506 0.117813796515157 0.057311005789916 1.56121971493047 0.0446926933274022
1.43 0.42939946372681 0.0198106173661207 0.62165616274151 0.126225954025151 0.987662369071173 0.111203238561539 0.0469937817918083 1.47783585701503 0.0442600608065781
1.44 0.415266229537643 0.0205357203212279 0.596132031629017 0.128376726625593 0.907476609502619 0.104448319968219 0.0419766053629213 1.39089033894183 0.0441929356201165
1.45 0.399703195095438 0.0212436425949667 0.570071490430458 0.130299562184969 0.830743505576894 0.0977220632144323 0.0399467368572295 1.30282410571355 0.0440168651560433
1.46 0.383618889332099 0.0219349022781848 0.543730996505662 0.131974899056623 0.757934234320177 0.0916606954544878 0.0357862860845874 1.21583694217828 0.0434139223116419
1.47 0.367829610491564 0.022610117740322 0.517473008227036 0.133354943505067 0.689804786899519 0.0853982944493865 0.0292913981385597 1.13220806749046 0.0423621921077632
1.48 0.352832375821711 0.0232737477478706 0.491767989029909 0.134224943294584 0.626885453338565 0.0803919801394703 0.0232921488192551 1.05396327478171 0.0410728220677837
1.49 0.338972178585327 0.0239277196647079 0.467070791382975 0.134503806191003 0.570259626680943 0.0779052343668590 0.0192466872620614 0.983121903790442 0.0399330270789712
1.5 0.326289615201392 0.0245768627243783 0.444260245782564 0.134000835757802 0.520553623327834 0.0749082031226935 0.0186751911625786 0.921197712215711 0.0392638802137769
1.51 0.314944409586949 0.0252233287822028 0.42375379676482 0.132859342572411 0.478842616065541 0.0691136126341466 0.019987768290891 0.869553098591683 0.0392530908270175
1.52 0.304953750017971 0.0258694010974899 0.406631358542636 0.131164561088933 0.445189905075998 0.0632617052477604 0.0201032195300703 0.828456289181918 0.0398498375026283
1.53 0.296621129473216 0.0265159097377165 0.392845124751644 0.129264395602758 0.419946227465983 0.0614846471507051 0.0183291768566293 0.797858462639746 0.0408701851379604
1.54 0.290000020705243 0.0271627870415857 0.383158826244564 0.127516220442434 0.402138966765749 0.0650598990975206 0.0175940955707219 0.776357250334042 0.0420246359486097
1.55 0.285429702382944 0.0278095065093259 0.376817414818115 0.126216852935198 0.391131128329148 0.0715880712974091 0.0215518866562928 0.762456936064877 0.0430264987907082
1.56 0.282806613000434 0.0284556249350591 0.373917711244382 0.125799207441517 0.385239789396663 0.0774536856065399 0.0275738628229680 0.753874976170144 0.0437196710457309
1.57 0.282327726806444 0.0291014081929172 0.373279034120581 0.126281351850206 0.383312012465701 0.0830858603715011 0.0338518774307038 0.748729074363115 0.044027529908693
1.58 0.283673275553708 0.0297483896475808 0.374459345793202 0.127945363952724 0.383795382613075 0.0912104134807683 0.0394932931974615 0.74522522927118 0.0441012373361972
1.59 0.286827734084868 0.0303993051081291 0.376440110571797 0.130502767716226 0.385757558791275 0.100810136144513 0.0434866944149819 0.742144562987125 0.0441748686953329
1.6 0.291311474297019 0.0310600266274913 0.378675713218149 0.133939274956312 0.388380364684486 0.108073215485248 0.0499985978095895 0.73872664332693 0.0445205505205676
1.61 0.296892924156299 0.0317344419521775 0.380690259254675 0.137814659465394 0.391320185275289 0.113765792315776 0.06002725164838 0.73445579632352 0.0455088091057039
1.62 0.303065881611359 0.0324335433371994 0.382152788718741 0.141806175389826 0.394443340364229 0.123181624438376 0.0689555839016703 0.729136170009703 0.0471966159131504
1.63 0.309471781755226 0.0331598818519055 0.383054763258154 0.145510697058949 0.397809618567156 0.138282895765633 0.0741433834715784 0.722425944126266 0.0497564209902687
1.64 0.315747550708617 0.0339247529577135 0.383273762590665 0.148460140751581 0.401490255879426 0.154651821138984 0.0806373998781326 0.714280366291687 0.0528554974408539
1.65 0.321551057181551 0.0347294087585776 0.382960151510214 0.150513723948671 0.405529594330949 0.168274128603402 0.0909882471228453 0.704465165864579 0.0562237525815286
1.66 0.326767599039774 0.0355793250439071 0.382030979671989 0.151400782911862 0.409818963622844 0.178948819037952 0.101304747050056 0.69325000363668 0.059437609080568
1.67 0.331185751101535 0.0364742066441548 0.380602939713491 0.151372401349687 0.414173379727905 0.189401031151640 0.109139216624206 0.680820764374467 0.0621315909448049
1.68 0.334915587621781 0.0374103793203159 0.378546267264464 0.150552617625769 0.418321962006308 0.200821078056090 0.117348174137386 0.667732418541441 0.0642275061260957
1.69 0.337880035854144 0.0383855265267902 0.375960465337283 0.14938181081973 0.421986717302397 0.211734142381959 0.131016487796438 0.654382090573543 0.065660200873789
1.7 0.340259201436569 0.0393884687114096 0.372729670257982 0.148182424547869 0.425002280983424 0.224597133064072 0.150189978318384 0.641067778061562 0.0666107631448415
1.71 0.341958855115106 0.0404140754520964 0.369019751422651 0.147240228102803 0.427236870333514 0.243916278139379 0.172700702980543 0.627856269891954 0.0671620050686953
1.72 0.343049717749081 0.0414497360755509 0.364832973917234 0.14676741564243 0.428756191409735 0.269945529522950 0.194114731054141 0.614605086920844 0.0674617509763709
1.73 0.343240916984238 0.0424873835340329 0.360393374058326 0.146763299422693 0.42958731764225 0.297003430836373 0.210765894461679 0.601020417917392 0.0675982295203371
1.74 0.342532739285400 0.0435194157673752 0.355819583366395 0.147202446978539 0.429847126407921 0.319362658212464 0.226095506114427 0.586901378934813 0.0676887554448114
1.75 0.340563334110946 0.0445393402853145 0.351260288156369 0.147876979957894 0.429493119868726 0.331404105249632 0.247200143133809 0.571913957234035 0.0678180331594551
1.76 0.337569841291972 0.0455461861848778 0.346787311666624 0.148575380848816 0.428458259517179 0.333343991711608 0.276922153118686 0.556087108644828 0.0680230235343579
1.77 0.333523933861201 0.0465407518416497 0.342354797222518 0.149056758786332 0.426472368726986 0.332597169059617 0.311549521650673 0.539281814801183 0.0682737808132419
1.78 0.328943411793631 0.0475283380466979 0.337817120591282 0.149110259568569 0.423330529610833 0.339577868221132 0.347027148385357 0.521809798312516 0.0684821624333468
1.79 0.324136042455412 0.0485176515184442 0.333009748227724 0.148648486628041 0.418691862504718 0.361092615237986 0.38199583883676 0.503891779743784 0.0685445360192801
1.8 0.319412157144920 0.0495204337057366 0.327623332236501 0.147624947961579 0.412525674829293 0.388972047921554 0.418788810093948 0.485980955498758 0.0683285597277725
1.81 0.314872352193428 0.0505471637082396 0.32161076558736 0.146123882352758 0.404748990150972 0.416868677501096 0.45212649052372 0.46854962004517 0.0677614731759371
1.82 0.310364636823164 0.0516160995126417 0.314763219669012 0.144226144204011 0.395711085014811 0.444090030304752 0.481812978330359 0.451787850250373 0.0667932868704196
1.83 0.305616290841214 0.0527308303100488 0.307294782586778 0.142070043307869 0.385713537977044 0.470507702137044 0.524090285301219 0.435965679265544 0.0655548227310788
1.84 0.300454867886298 0.0539119941405949 0.299301574707006 0.139785645442582 0.375322317360354 0.495595763923899 0.578478055809776 0.420806549864632 0.0642714319596031
1.85 0.294746126491040 0.0551542131813273 0.291152218543223 0.137550740648237 0.365021114569809 0.520886709360763 0.625280987386217 0.406192200924969 0.0632036203379117
1.86 0.288741841217020 0.0564692373657349 0.283217100783469 0.135564492550813 0.355251351473076 0.550530996714492 0.66892605418146 0.391797068758543 0.0626091061583704
1.87 0.282820884697824 0.0578487283601752 0.27579415255233 0.134061596487226 0.346406380516446 0.585978309807835 0.724269034297248 0.377565573084731 0.0624653178226109
1.88 0.277467197786125 0.0592910409755553 0.269366930195976 0.13322672898152 0.338633308095363 0.622974529464833 0.792169610565144 0.363565613706986 0.0627558347259761
1.89 0.273324988917163 0.0607875735360418 0.264035972857522 0.133176897312433 0.332132598651705 0.658076688568017 0.85568288746385 0.350171848007744 0.0632960293165826
1.9 0.270625279059211 0.0623272969725882 0.260285750477781 0.133852059409342 0.326812411282508 0.694910539612338 0.909378922771574 0.337629135518575 0.0641028934583816
1.91 0.269819314037540 0.063903382658479 0.258039313278852 0.135065998144327 0.322727138630459 0.739433736319592 0.97308399547306 0.326458949218370 0.0652056896410418
1.92 0.270717514062671 0.0655036257548037 0.257770931031912 0.136522836288172 0.319708550457855 0.79548574238334 1.05535598432368 0.316647982709316 0.0668425819554902
1.93 0.273469857206946 0.0671253651271470 0.259316625377297 0.137947103109184 0.317843184285326 0.857252506649276 1.16835895219933 0.308561314306491 0.0690419470550724
1.94 0.277793113589823 0.0687621990923124 0.263219079335519 0.139230510573141 0.317159934337920 0.91957683777288 1.31390334374481 0.302042437548734 0.071927053842606
1.95 0.283976441640167 0.070419084287127 0.269344799441097 0.140525273408784 0.318152042123263 0.98296011524271 1.46151613948873 0.297587606573122 0.0753605318194879
1.96 0.292241203800515 0.07209793531202 0.278484724977681 0.142250412436028 0.32135495404607 1.05334062987482 1.61720329480593 0.295325360910560 0.0794266860370868
1.97 0.303726327019717 0.073812949037579 0.290646311433742 0.145225785780128 0.328058988182148 1.13771339948849 1.81982216800061 0.296313327157524 0.084240703131878
1.98 0.319492678237339 0.0755736874663006 0.307072802546032 0.150174576473259 0.339299532767526 1.23529427736097 2.02490171799505 0.301003431780075 0.0903588856827664
1.99 0.341766048883036 0.0773992265737065 0.327878738173309 0.158296566441275 0.357135238286181 1.33828520628265 2.19585417169164 0.310950973938319 0.0984262689900778
2 0.371967313039725 0.0793052073478232 0.354718750477491 0.170032380602286 0.38252983170495 1.44533347403054 2.35173701167326 0.32648156072512 0.109543713909098
2.01 0.412586053527563 0.0813043592649277 0.38749070955212 0.186425773147273 0.417649195197017 1.57384758935364 2.50765049962486 0.349036764894322 0.124600837744638
2.02 0.464187711665558 0.083416321313712 0.427738391138192 0.207193409303791 0.462487394594361 1.73134713461549 2.68148258577270 0.378202648672857 0.144617378679147
2.03 0.527955881958023 0.0856353000123986 0.474642778201083 0.232789417441653 0.518258043707382 1.93284920251677 2.89496795197393 0.414431548042807 0.170070090125141
2.04 0.602419104647756 0.0879805740935977 0.528784942576425 0.262168627589790 0.583274557862262 2.17586906103943 3.14106529177568 0.45612875769715 0.201084076432358
2.05 0.686161414766368 0.0904251987725607 0.588340958654201 0.294955730869562 0.656788343036667 2.43087736073963 3.32879462494812 0.502106779184586 0.237310478809380
2.06 0.775391232050568 0.0929769187765227 0.652268369162548 0.329605812471356 0.735361025800395 2.65439815188212 3.42909871876521 0.549710314542418 0.277834420899978
2.07 0.866131121780779 0.0956014967328139 0.71800700434845 0.364814346943366 0.815870499049249 2.84421915744243 3.52731486897878 0.59629467079105 0.321523546079825
2.08 0.953411068486961 0.0982875432448748 0.78294283183612 0.399047990514705 0.894053754174075 3.01694738368022 3.62915139614647 0.63903364527351 0.366648198869483
2.09 1.03248286782040 0.101008599159882 0.844625939183558 0.430375155761213 0.965194173816952 3.16947180468293 3.73644255426911 0.674995558633604 0.410943839537286
2.1 1.09940740578940 0.103746056660173 0.899782871791048 0.458075875193973 1.02608433136649 3.25377267734671 3.801493555662 0.702439665424578 0.452065981112723
2.11 1.15117368911948 0.106484217074803 0.947109520035463 0.480376539412942 1.07236199647257 3.23329376129752 3.70879813572955 0.719601860254662 0.486706741280996
2.12 1.18658136407328 0.109213368489064 0.98399352986054 0.497824818254604 1.10368447943725 3.10133990226794 3.45126633811701 0.726579468592483 0.513712076259491
2.13 1.20557899803427 0.111929744074623 1.01085778192942 0.509267108137738 1.11796531377026 2.9472045906737 3.13446591176614 0.723450696306069 0.531114143720994
2.14 1.20959303868507 0.114637790618594 1.02666159453715 0.516032429748795 1.11798239861885 2.79607335418062 2.85822687057890 0.711842800799765 0.540981825457174
2.15 1.20078146321936 0.117345337132568 1.03329576484754 0.517408074656699 1.10436235575406 2.60980185197415 2.61862237720531 0.69318312437304 0.544186305048655
2.16 1.18185188464396 0.120062635257089 1.03132353779240 0.514831852580345 1.08139201445392 2.38343375976114 2.35889159670331 0.669617397837785 0.544063446842857
2.17 1.15569541635570 0.122804541941103 1.02325655936579 0.508054463789106 1.05122929888239 2.16381039639338 2.08409788185764 0.642896403780927 0.542265097204926
2.18 1.12512674611793 0.125575379116036 1.01063322244103 0.498539531611591 1.01754236898041 1.96837548948465 1.83966651588035 0.6148090510473 0.540438608999139
2.19 1.09272965888594 0.128383817211736 0.995696761325025 0.486814709818675 0.982453086738396 1.78610644219019 1.62830048333047 0.586687050337827 0.539488103887674
2.2 1.06084561758845 0.131224610290702 0.980117444407925 0.474321572372691 0.94789755105818 1.61558732843788 1.44219391215867 0.559618610070302 0.53975821894224
2.21 1.03120505910852 0.134090501049073 0.965252665306515 0.462144558162518 0.91513199884723 1.47369680935193 1.26481597807047 0.534252068614663 0.54183818721452
2.22 1.00535498177523 0.136966716707614 0.952160200481797 0.451135657100517 0.884518810807671 1.36044728875951 1.11210993037689 0.510965247387923 0.545580980776677
2.23 0.98387869206478 0.139834092291265 0.941100398300223 0.442112960654332 0.856425060600677 1.27948161990552 1.00508766729963 0.489735965892011 0.550947556466149
2.24 0.967287292886307 0.142670228821142 0.932198569119243 0.434986042623246 0.830339443058759 1.22065251207232 0.923700465022478 0.470361047084163 0.557171977483583
2.25 0.955008197076965 0.14545988653536 0.924941607554427 0.429854919841415 0.806048406414625 1.17506830397709 0.828127682142166 0.452384015086417 0.563686176610566
2.26 0.946524576244313 0.148177219070527 0.918872899690393 0.426088929210803 0.782822756324062 1.13130510428034 0.734514449460157 0.435349330419464 0.570133627353763
2.27 0.940585453721142 0.150825249011668 0.913429371839721 0.423380030548657 0.76026088737432 1.08095398977957 0.66543432202003 0.418820436507401 0.576707101396952
2.28 0.936198846365334 0.153386111141387 0.908327348670332 0.421216375637473 0.737897952300092 1.02301752296258 0.606282583619353 0.402559864565454 0.584011928770231
2.29 0.932386990913488 0.155878883509903 0.903539510251198 0.41943023008067 0.715555938151555 0.965656278129026 0.549976848971117 0.386535646123647 0.592749192172682
2.3 0.928695257926224 0.158306715886907 0.899427998688269 0.418002243294166 0.693268607927579 0.913907200051575 0.498610667178923 0.370992432592876 0.603391549968258
2.31 0.925194198510635 0.160692218949207 0.896496020988836 0.41727264523374 0.671342248157431 0.86067736479418 0.455823623113710 0.356246149163736 0.616215617418169
2.32 0.922621831551755 0.163054073375261 0.895573434766912 0.417732368382156 0.650194420871537 0.798238521365742 0.411636020475772 0.34281703224103 0.631543172128448
2.33 0.921839944255076 0.165412264574308 0.897240971608534 0.420200892430352 0.63056345522834 0.733041815829124 0.351015122964300 0.330942250452702 0.649784507808178
2.34 0.924341889463372 0.167783505750468 0.902289886047202 0.425291206891809 0.612866670383711 0.669039537994534 0.293275664664282 0.321017092070779 0.671742974563465
2.35 0.930675042866666 0.170180202963438 0.910989754026285 0.433776962644135 0.597940588171266 0.608577992036364 0.266092855938201 0.312945738861075 0.697636685663148
2.36 0.942034269750112 0.172603030879708 0.923769409469942 0.445845943300093 0.585797931860129 0.566651064750862 0.265255217588117 0.306873846473907 0.727651590538908
2.37 0.957944209408305 0.175051529581797 0.940520509933918 0.461720065935032 0.576953888866204 0.55660491942388 0.261185846710943 0.302466313212442 0.760806246484004
2.38 0.97878693630863 0.177510411567429 0.96128085806402 0.481022452036098 0.570846126249142 0.568848669185972 0.235074704068957 0.299668258507217 0.796382095942116
2.39 1.00338925538130 0.179961141465646 0.98566198853872 0.503391257001737 0.567417085873147 0.582565996978776 0.200768285512631 0.298017700055649 0.83339000899038
2.4 1.03152905072391 0.182384044701178 1.01334428985915 0.528046048029559 0.565717717971158 0.589920296608984 0.185209269649451 0.297263733905786 0.871743447041328
2.41 1.06188633466074 0.184749359870504 1.04366601442991 0.554166422075664 0.565196726603851 0.587425572993267 0.192315842833570 0.2969443568351 0.911432617377092
2.42 1.09365297720781 0.187040656354934 1.07583362546898 0.580669436096978 0.564940607984174 0.572732906639773 0.195771031662453 0.296737664540068 0.953167656309135
2.43 1.12542026531306 0.189235452314052 1.10874762661339 0.606498746069582 0.564202874688715 0.548520670910841 0.175147903889311 0.296368948881567 0.99691819548003
2.44 1.15540259043416 0.191323523398991 1.14091578781193 0.63053705310603 0.562416122330933 0.528711083804540 0.143520373729024 0.295561414448745 1.04326323980003
2.45 1.18227166294229 0.193306446365814 1.17064510260256 0.651924215334207 0.558828194818826 0.52155147575727 0.129450676289957 0.294184714306382 1.09152417918431
2.46 1.20330211868136 0.195184019980407 1.19573858909086 0.66975061001685 0.553199076514096 0.520688369913816 0.136667422841055 0.291854977595652 1.14115132218025
2.47 1.21791805704283 0.196985107696313 1.21410669058480 0.683455246672864 0.544725673017624 0.51671739017449 0.142788964834908 0.28843799477769 1.19012985230155
2.48 1.22296773983813 0.198726492060767 1.22342091033059 0.692106325012706 0.533377353807974 0.505773213351527 0.128386778773224 0.283342714289002 1.23479782469342
2.49 1.21904806189497 0.200450345886315 1.22192444722986 0.695251888017988 0.518331487005687 0.485974340078904 0.0996855533704423 0.276569460722314 1.27150963502778
2.5 1.20296063674136 0.202198171219016 1.20823719280269 0.691835776144795 0.499895557119272 0.446278250208615 0.079361145438605 0.267558982841140 1.29402889874628
2.51 1.17650069381711 0.204006330237929 1.18186226266043 0.681805363080455 0.477581596920262 0.380272468556880 0.0639054940595686 0.256670793794320 1.29992103654630
2.52 1.13711479592489 0.205929896369370 1.14323786662056 0.664517973029992 0.452238331453174 0.292018934983998 0.0424264157317973 0.243640577425834 1.28485516784699
2.53 1.08783960461894 0.207998181102633 1.09350607539489 0.64080332924497 0.424048077131153 0.206559175435420 0.0231378234451131 0.229100665120823 1.25036514193965
2.54 1.02793489983037 0.210257358448802 1.03476749475328 0.610844607187828 0.394197751620542 0.143112700669814 0.0130132092537937 0.213084894294551 1.19686272027864
2.55 0.961222077307957 0.212738990813676 0.96920502423016 0.576154110419164 0.363393637656045 0.098106141620631 0.00770801477284735 0.196226723360076 1.12899273418660
2.56 0.888968910586207 0.21546380449024 0.899435699661645 0.537537524488008 0.332592671112954 0.0659151974479883 0.00348457400570066 0.178776398240065 1.05043975439543
2.57 0.814550776151488 0.218478881882402 0.827593345474326 0.496598656603554 0.302539516498319 0.0418793993248118 0.000927558555511359 0.161224842119407 0.966139076491028
2.58 0.740109817130581 0.221773976081465 0.755667996471264 0.45447761938692 0.273594619939904 0.0255427011038985 0.000141151654163729 0.144012722124548 0.879919619959393
2.59 0.66747339538158 0.225428450987678 0.685091572190471 0.412453908049437 0.246238377618121 0.0159903265168086 7.7450114442782e-06 0.127454093000379 0.795278239879167
2.6 0.598468434634358 0.229407231793271 0.616929373801499 0.371742838661674 0.220361572908683 0.0108220419463855 3.61521041975977e-07 0.112070081456837 0.714606867433788
2.61 0.533384177294849 0.233821241244703 0.55202029694989 0.332942839493523 0.196256785123369 0.00753566918432665 2.77626638858514e-09 0.0978986917671124 0.639968356584912
2.62 0.473418721826323 0.238639858652814 0.490875072287769 0.296970226836078 0.173684986312011 0.0048132352770837 4.6372666716037e-11 0.0853045419369233 0.571931229703584
2.63 0.418072939827449 0.243975963023444 0.434131246610195 0.263670018677753 0.152960073826101 0.00290552984724336 5.38739852786811e-14 0.0740306944869333 0.51101555232088
2.64 0.36823788205196 0.249838395209657 0.382096597125985 0.233697692086584 0.133887753321708 0.00167855183552831 2.37302089954691e-16 0.0642123171425723 0.455978608138701
2.65 0.323365533040757 0.256315978236348 0.335406635192959 0.206728259815496 0.116879403320962 0.000915017770449624 1.72984715665462e-18 0.0555188775197515 0.406329821172247
2.66 0.284613032998198 0.263465245765542 0.29425582821817 0.184075167479301 0.101739646732141 0.00039362518842749 4.24793251247593e-17 0.0480493237623305 0.360889073072535
2.67 0.251985546709365 0.271316443815899 0.259312768036199 0.166189113056262 0.0889076377440237 0.00012220744079451 4.54682357963577e-17 0.0416205831137402 0.320994947787525
2.68 0.227679892603349 0.279974682107351 0.230658314941362 0.157006900966538 0.0780913812647997 2.39325291704296e-05 4.0650608767169e-18 0.0364598942528879 0.288284165491795
2.69 0.212619544522086 0.289371891189681 0.208970695514487 0.158577101336045 0.0696520856524462 3.01415848080228e-06 1.06548308598607e-16 0.0325213449603704 0.270372505801725
2.7 0.210361555172221 0.299645519787322 0.194094002672629 0.180466025319799 0.0631582118849489 2.43935360109508e-07 8.43402332312328e-17 0.0301191721799798 0.272786356500166
2.71 0.221979326470521 0.310621312116974 0.186442118106820 0.226113149873604 0.0587861814093562 2.14066114356674e-07 8.57223669131533e-17 0.0291781568820603 0.314208711351837
2.72 0.250745990856894 0.322385979556541 0.1852161328033 0.31174254211307 0.0559614051535237 3.0715487641473e-06 1.62685036171872e-16 0.0298907232598870 0.401055338366574
2.73 0.295338276150637 0.334726437170735 0.189986575395385 0.438899112066041 0.0545665041786595 1.87606518953027e-05 1.82109136188759e-16 0.0319456632655721 0.559170651052778
2.74 0.355057489027923 0.347590117058494 0.198958890224730 0.624303112137984 0.0539423836568275 9.07348937049755e-05 1.54225743865082e-17 0.0351455191006783 0.784726315447031
2.75 0.423840651713468 0.360782687929587 0.210526821952676 0.860038574289304 0.0536620905473359 0.000247828674965333 1.19095119417471e-16 0.0388644797741319 1.08716916739978
2.76 0.494978566519775 0.374136807568283 0.222315608251013 1.14936844352664 0.0531731309590804 0.000499637801372974 1.02808978108549e-16 0.0424808326038207 1.43738443990053
2.77 0.559510582292463 0.387464532689349 0.232114617835902 1.46987473423472 0.0519384314264831 0.000902638799839055 1.18936785913120e-16 0.045321251139615 1.80489938976511
2.78 0.608501573148684 0.400581874213851 0.238224003612951 1.80202986466170 0.0497739645920799 0.00177237704533824 1.28524448614499e-16 0.0467424531755033 2.14181760048428
2.79 0.636399926843528 0.413291240424704 0.239096522052453 2.11736204604636 0.046370333068459 0.0034816429326443 9.48516559042495e-17 0.0464993514882276 2.39657160663006
2.8 0.639225087841963 0.425502050357958 0.234764223550710 2.38395321063827 0.0420015574935901 0.00613767904472389 1.54777604481036e-16 0.0444375294644794 2.5422682181559
2.81 0.619319098981443 0.436999293726058 0.225197525292028 2.58693156491914 0.0367739349322711 0.00954871626557638 1.16286342687528e-16 0.0409235570394067 2.5593406571089
2.82 0.580282152676898 0.447837697135997 0.211931210462374 2.70527594813562 0.0311841254352371 0.0129885998971139 3.22190481205225e-17 0.0363503907485482 2.46955898898542
2.83 0.529641056632107 0.45783493925421 0.196111911758504 2.74825733606673 0.02561650837196 0.0158042410539007 1.60409142476464e-16 0.0313480744818665 2.30073126262556
2.84 0.473939536384366 0.467122640886082 0.179479148174018 2.71663401124333 0.0204166602880238 0.0180765275716871 2.00842000398107e-17 0.0264205682800864 2.09673330206091
2.85 0.419402470319846 0.475624180667107 0.163282629229579 2.63349946937920 0.0159493054924575 0.0199756301676308 1.31991077435300e-16 0.0219672240978770 1.89128511434478
2.86 0.369877504727172 0.483443989783999 0.148373121012430 2.51182928944825 0.0122286666608796 0.021717528484582 2.56163462626944e-16 0.0182089157364540 1.70863798236965
2.87 0.327215050198160 0.490594669946438 0.135366568419713 2.37161425872912 0.00942653737993961 0.0223161221764337 1.53035023905802e-16 0.0151777940540950 1.55709959615286
2.88 0.291609997073315 0.497117556259952 0.124148092216204 2.22467796492764 0.00732467691585432 0.0207874915392766 9.18448832108926e-17 0.0128219143011291 1.43646146008432
2.89 0.262170735019678 0.503063671598434 0.114738983658779 2.08083851159316 0.0059251475099062 0.0180814681538503 5.14044405521378e-17 0.0110108227244240 1.33892451637275
2.9 0.237669372510541 0.508394226678114 0.106648241167277 1.9455718374075 0.00496910800441989 0.0159774265549201 0 0.0096287032526317 1.25780687829466
2.91 0.216883197192098 0.513177086568598 0.09971736341549 1.82043040869030 0.00438596908895948 0.0142638908138686 0 0.00856590162911463 1.18606921287211
2.92 0.198797567427454 0.517290603783076 0.0935697272046231 1.70552506432813 0.00399098159626316 0.0122420364474473 7.97950110523566e-17 0.0077382774157207 1.12027637465607
2.93 0.182689537047182 0.520828341564221 0.0881357301832825 1.59853665007409 0.00371103675558904 0.0110074806963176 2.04317050410791e-16 0.00707054268346671 1.05763705164780
2.94 0.168004071058784 0.523639196091587 0.0832359100327941 1.49744025865309 0.00345699266398805 0.0128423894833965 1.46957832677329e-16 0.00649324365797536 0.997123860782632
2.95 0.154413732591801 0.525825823129921 0.0788872361781466 1.39987753587441 0.00318471030039564 0.0164773094868329 2.16348287335604e-16 0.00594217651192313 0.93775118655607
2.96 0.141667366215477 0.527304223632077 0.0749781534754962 1.30451929368051 0.00287735578873428 0.0178481283079175 1.32205976369042e-16 0.0053714739217189 0.87943908459064
2.97 0.129690283785789 0.528160281268252 0.0715163210125512 1.21072712204471 0.00252663481905278 0.0150372767119562 9.86443947578582e-17 0.00475707063767812 0.82224196590652
2.98 0.118425544473123 0.528420176650893 0.0683780825036949 1.1187151750305 0.00215161262197872 0.0100845629141415 4.97805235482287e-18 0.00410718249928954 0.767141192661235
2.99 0.107960727319680 0.528163693659823 0.0655283700276673 1.02931961043968 0.00176962851601055 0.00645611413489777 2.90051785021566e-18 0.00345239763960514 0.714367273724853
3 0.098311187389782 0.52750998462823 0.0628505669111099 0.943555803662317 0.00140242072786056 0.0050162854707359 9.21383838627904e-18 0.00283206926094901 0.664788949162072
3.01 0.0896012297228406 0.526543960797184 0.0602933174543395 0.862652417246651 0.00107469132129146 0.00475580289728244 0 0.00229054081837006 0.617763756961703
3.02 0.081782325200885 0.525415555590226 0.0577809567360097 0.787339035937987 0.00079218028024663 0.00443549547071929 0 0.00184818086708515 0.573474576223405
3.03 0.0748850220162365 0.524224378397939 0.055271740410763 0.718448398388842 0.00057200021950756 0.00373369669962293 0 0.00152477239685100 0.53142828364439
3.04 0.0687331402947889 0.523078432946665 0.0527359938397753 0.655975104811796 0.000402675488239243 0.00346728750010325 0 0.00130770241872575 0.492313890019696
3.05 0.0632301280463081 0.522083201186577 0.0501540594937663 0.600205034923384 0.000288756833593751 0.00435423841586361 0 0.00118956907929148 0.456419155175201
3.06 0.0581583322626239 0.521274179508812 0.0475342464058728 0.550420011966897 0.000211312816735455 0.00531148855169218 0 0.00113923542361642 0.424820024570386
3.07 0.0534129600231505 0.520716343286331 0.0448883707147666 0.506274023857503 0.000166249916067 0.00531279216095267 0 0.00113168688715653 0.397485973683287
3.08 0.0488850045655819 0.520399931400234 0.0422474055580525 0.466446988575575 0.000137848669830965 0.00481322612744511 0 0.00113421860781358 0.374559847871911
3.09 0.0445920996318796 0.520324072914225 0.0396504154027973 0.430085472196337 0.000120321972576865 0.00436837382377943 0 0.00111814101015837 0.354980403053063
3.1 0.0405499332170831 0.520459008025134 0.0371220149955704 0.395934427835685 0.000106022760970632 0.0037262172863622 0 0.00106795326364367 0.337728134717296
3.11 0.0368720184819979 0.520755148019043 0.0347025246499984 0.363466320672746 9.20261582936727e-05 0.00279443921826986 0 0.000971577503337345 0.32136052616685
3.12 0.0335667125142937 0.521177439697568 0.0323847198694005 0.332286105731172 7.71932102725341e-05 0.00209710142304374 0 0.000839387708954648 0.304765917105616
3.13 0.0307065537512306 0.521667065550316 0.0301846231678827 0.302721981932980 6.17754516702942e-05 0.00174433255638623 0 0.000682512622124756 0.287104235190963
3.14 0.0281939594597064 0.522191420051664 0.0280679510440431 0.274902370931845 4.6835852745626e-05 0.00168111063558656 0 0.000521391707235265 0.268056793971885
3.15 0.0259819216336231 0.52271509545467 0.0260286007403584 0.249363991010037 3.37015814711786e-05 0.00211816310154976 0 0.000374381576042875 0.247628683664338
3.16 0.0239144147641654 0.523215352838051 0.0240344149112182 0.225843459723525 2.27034672944116e-05 0.00321444732471472 0 0.000250198213698871 0.226199009361458
3.17 0.021880694885323 0.523686732759117 0.0220808462000639 0.204380962274414 1.46040828411599e-05 0.00394254271330763 0 0.000157986296594420 0.204221618932296
3.18 0.0197908454148827 0.524125811716323 0.0201570335546284 0.184320050986164 8.69023560657047e-06 0.00329588582434993 0 9.17697707354827e-05 0.182217727738829
3.19 0.0175896105992399 0.524542961658266 0.0182763631670730 0.165485064732747 4.99537127865339e-06 0.00200569686651528 0 5.09095371540185e-05 0.160732500637848
3.2 0.0153087484864199 0.524950968273134 0.0164424877856241 0.147493416948209 2.61828720215493e-06 0.00109867139963226 2.78182947899581e-17 2.55724629306460e-05 0.140135076472065
3.21 0.0130028503310678 0.525365823641923 0.0146852084679619 0.130533503601634 1.34641616021331e-06 0.000661742652545674 0 1.24710544787279e-05 0.120995588172914
3.22 0.0107553744093225 0.525803695815995 0.0130064905129698 0.114598710562953 6.20382550531676e-07 0.000358367234874425 0 5.39061822595583e-06 0.103386337717343
3.23 0.00867929993005622 0.526283081376795 0.0114441847463204 0.100169258886594 2.85813013285028e-07 0.000164414822594338 0 2.31474574667318e-06 0.0877307872793476
3.24 0.0068069589664097 0.526811970844487 0.0099886397731561 0.0871164161916362 1.15566514734300e-07 0.000153141076353 5.12671615371281e-17 8.56463497128156e-07 0.0737134002522438
3.25 0.00523244966051215 0.527412334631358 0.0086769334906843 0.0757723486014464 4.77735319688363e-08 0.000339878017660155 0 3.24618658474892e-07 0.0616057862789842
3.26 0.00390916023208536 0.52807979525068 0.00748437762618969 0.065706263208525 1.69316269444030e-08 0.000542186486491426 0 1.02595755389679e-07 0.0510050215749229
3.27 0.00288203274210913 0.528835079505576 0.00643769246435729 0.0570074460322914 6.28697873048872e-09 0.000517908633376834 0 3.43043539109896e-08 0.0422150929121967
3.28 0.00206846995236553 0.529666507032096 0.005501116262979 0.0492451129928792 1.95166063086805e-09 0.000308889886699833 3.63969264329892e-17 9.26629723086412e-09 0.0348786446914243
3.29 0.00147726057964826 0.53058194656067 0.00468818377196878 0.0424762917105732 6.51328267250156e-10 0.000111506967304153 1.63568719098143e-16 2.72444882624158e-09 0.0291510618789617
3.3 0.00103362681219356 0.531566937597246 0.00396379179330877 0.036453531138923 1.76928039767103e-10 2.35927899252278e-05 9.62150265925104e-17 6.27629750258016e-10 0.0245921539567087
3.31 0.000730984271640815 0.532609486422464 0.0033368046390241 0.0312918116526148 5.31147422006928e-11 3.18921032846483e-06 6.23238670460863e-17 1.62189999485195e-10 0.0210967852705115
3.32 0.000516110566488893 0.533688088426907 0.00278226304362783 0.0268315718056209 1.26151396397631e-11 5.98078632430371e-07 6.5263074121561e-17 3.18019500826201e-11 0.0182680216771074
3.33 0.000377723378155918 0.534772981890788 0.00231235153024058 0.0231645365193592 3.40901562597241e-12 4.04932027912776e-06 5.69925558087425e-18 7.21912158407266e-12 0.0159573009162635
3.34 0.00028259972827478 0.535828214122496 0.00190972186939836 0.0201149454463471 7.07401182339698e-13 3.98239519976515e-05 1.48270208956527e-16 1.20259969927253e-12 0.0139636902423048
3.35 0.000220244727437785 0.536820597736085 0.00158624025878337 0.017688889735063 1.72083188027891e-13 0.000182525877538005 3.67971373390407e-17 2.39596643750855e-13 0.0122280083119845
3.36 0.000173739203851738 0.537691452891424 0.00132327538180885 0.0156956804441891 3.11637981402067e-14 0.000575292335995707 0 3.38746248290183e-14 0.0106972052630342
3.37 0.000137463300758947 0.538423116019431 0.00112403807524446 0.0140742853296139 6.77461461068596e-15 0.00103604044887676 0 5.87378774189191e-15 0.00937922243174205
3.38 0.000106031641928292 0.538940234419871 0.000967213690867165 0.0126727215736188 9.70953279024792e-16 0.00109656452093703 4.83333792339069e-18 5.82644521968280e-16 0.00827753347160298
3.39 7.88675449631775e-05 0.539240664896251 0.00084763405130425 0.0114333617527642 1.68799996156576e-16 0.000714413383519827 3.8185096318896e-17 6.09505755678904e-17 0.00739728997746934
3.4 5.55128707888801e-05 0.539258548937596 0.000748688503142031 0.0102942152032391 6.45996947064498e-19 0.000277702402653427 3.55401700499488e-17 0 0.00671208341741057
3.41 3.70168587511802e-05 0.538988207036515 0.000665098718913075 0.00926129632933578 0 6.46116840132783e-05 0 0 0.00616702347186972
3.42 2.29360820959021e-05 0.538391142955728 0.000589743447959524 0.00834493109026843 0 9.24614425582382e-06 2.52820752915828e-17 7.63719626294816e-18 0.0056900590559331
3.43 1.34296338638772e-05 0.537445270887847 0.000522097545969252 0.00758106532757622 0 8.03473240732576e-07 0 0 0.00521643358510324
3.44 7.20953712524642e-06 0.536147999039175 0.00046080867929266 0.0069645424579913 0 3.79174816411215e-08 3.23730790086576e-18 0 0.00470680970473328
3.45 3.67658673878306e-06 0.534452249514123 0.000407396407556757 0.00648422248878304 0 1.41731250491041e-09 3.64123453896221e-17 0 0.00416612907239803
3.46 1.69801966301346e-06 0.532397966316802 0.00036049874510309 0.00608468477148973 0 1.38116709317791e-11 3.94555725551893e-17 0 0.0036315763135242
3.47 7.51815209823569e-07 0.529913360779985 0.000320195033491816 0.0057160439646531 5.46256920675537e-18 3.58505326043633e-13 2.00177039801248e-17 2.49834620074728e-17 0.00314997871793055
3.48 2.97729270142783e-07 0.5270781300087 0.000284260918889439 0.00533101821855779 0 1.09063312625781e-15 2.0154953353072e-17 0 0.00277782414578985
3.49 1.14316523847097e-07 0.523833832113738 0.000252165203063410 0.0049067657795646 0 0 3.08363797368139e-17 3.47999486595754e-18 0.00252102749347588
3.5 3.87547327782980e-08 0.520268205701966 0.000222889018224466 0.00444650033202311 0 2.60614509304156e-17 1.20684413103323e-16 0 0.00239281742093589
3.51 1.28984088584874e-08 0.51637944818762 0.000197140511766863 0.00396946243502625 0 3.089608131298e-18 7.5864292312305e-17 0 0.00234603977658210
3.52 3.74039045514547e-09 0.512243243072284 0.00017495199658468 0.00350696784775287 0 2.90183283307433e-17 8.21043854089803e-17 1.82715956342360e-17 0.00234371157528332
3.53 1.07882745305963e-09 0.507914930598982 0.000157260863145948 0.00308918754663425 0 5.5092451655908e-17 5.12121293145339e-17 0 0.00232705134941899
3.54 2.67525813409774e-10 0.50346638862373 0.000143213458354536 0.00274300256329908 0 3.37279844240956e-17 1.89271719214247e-16 0 0.00223634677615932
3.55 6.6853099883123e-11 0.49897967958103 0.000132175206619412 0.00248394324754658 0 4.73737494293998e-17 1.37544753548627e-16 0 0.00205642551783017
3.56 1.41766450095219e-11 0.494533695729182 0.000122326402211747 0.00231726728532719 0 1.87574660648492e-17 7.39169403033033e-17 0 0.00177381864986625
3.57 3.06827816002543e-12 0.490193569308304 0.000112113162226105 0.00223153517085699 0 8.01547598845722e-19 3.17949900891885e-17 0 0.00143680726515548
3.58 5.5653985355678e-13 0.486053987803132 0.000100561518886657 0.00220508674036806 0 1.01780560894194e-17 7.61090632099979e-17 0 0.00109119096609182
3.59 1.04246771421317e-13 0.482130997173163 8.71563168345237e-05 0.00220726761227180 0 0 1.11216639309146e-16 0 0.000784029037362177
3.6 1.61821545979202e-14 0.47851639148897 7.2526164211424e-05 0.00220718690336871 0 0 9.55299445500752e-17 0 0.000547703636789618
3.61 2.61218483524700e-15 0.475187200821685 5.7585430489956e-05 0.00218321697567948 0 0 8.57151964421853e-17 0 0.000380862120787715
3.62 3.02523464966906e-16 0.472191719646584 4.34136369723006e-05 0.00212148308855786 0 0 1.37018093010922e-16 0 0.000280523490687364
3.63 1.78893558544703e-17 0.469497604656022 3.11269305569847e-05 0.00202456769666717 0 2.82922580629535e-17 7.681040273155e-17 0 0.000230014650884903
3.64 0 0.467095348598226 2.10430746238815e-05 0.00189971072610133 0 0 1.14718112143535e-16 0 0.000222236327957507
3.65 0 0.464952880516771 1.35477295649959e-05 0.00176235507128208 0 0 9.87766466898459e-17 0 0.000246792731085475
3.66 0 0.46301673816856 8.17991066826785e-06 0.00162792715244107 0 0 4.73711586802733e-17 0 0.000293309884506985
3.67 0 0.461256235291031 4.7187212072074e-06 0.00150794426508093 0 0 0 0 0.000344379291840766
3.68 3.07526169579778e-17 0.459603519441277 2.54094840932685e-06 0.00141125840089437 0 0 8.43762744745055e-18 0 0.000381686150805144
3.69 7.83724498228128e-18 0.458027213672885 1.31214183567767e-06 0.00133378603227559 0 0 3.95297946086032e-18 0 0.000388474059272474
3.7 0 0.456475870353816 6.29950988674728e-07 0.00126660569594040 0 0 0 0 0.000360894737656763
3.71 0 0.45491914297058 2.9102168242359e-07 0.00119471561046592 0 0 0 0 0.000304045227039488
3.72 0 0.453337079206772 1.24597125034141e-07 0.00110321921280283 0 0 0 0 0.000234365058951012
3.73 2.27992131989924e-17 0.451715349300323 5.14607012532193e-08 0.000990905257360481 0 0 0 0 0.000169783235692850
3.74 0 0.450057407010609 1.9658972976401e-08 0.00086352874171045 0 0 0 0 0.000122096290943071
3.75 0 0.448372276625946 7.25326234659074e-09 0.000739418839798562 0 0 0 0 9.978524932597e-05
3.76 0 0.446676999350955 2.47441789865439e-09 0.000641939072992915 0 0 0 0 9.77456182485444e-05
3.77 2.79569150614728e-17 0.444992599862066 8.14762215220954e-10 0.000579959829053202 0 0 0 0 0.000110521435967214
3.78 0 0.44334189470112 2.48465658568763e-10 0.000562792483830736 0 0 0 0 0.000126245765700536
3.79 0 0.441736465247896 7.293100937338e-11 0.00057262780266366 0 0 0 0 0.000134596647252811
3.8 0 0.440195363652145 1.99050274018566e-11 0.000592246608994872 1.95246878175973e-17 0 0 4.25639218948577e-18 0.000131592091522731
3.81 0 0.438707044360716 5.2014650596662e-12 0.000599877530995914 2.72785684909801e-17 0 0 0 0.000114605079466413
3.82 0 0.437269248666661 1.27225016892112e-12 0.000575160531525091 4.01692647082331e-18 0 0 1.24765400177924e-17 9.03742504392147e-05
3.83 0 0.435853030197729 2.95512227914873e-13 0.000519845174509092 0 0 0 2.51930677668295e-17 6.49735127567614e-05
3.84 0 0.434426432763892 6.48409988158048e-14 0.000434545371549158 0 0 0 1.72655564891821e-17 4.49012604183086e-05
3.85 0 0.432952509781632 1.33563702205866e-14 0.000337323066270999 0 0 0 3.25848867187266e-18 3.61935812767811e-05
3.86 0 0.431386130788322 2.64113403275799e-15 0.000242215202551168 0 0 0 0 4.06828724619029e-05
3.87 0 0.429686336063853 4.78065686766625e-16 0.00015983692152633 0 0 0 0 6.2037148264472e-05
3.88 0 0.427825653747523 4.00698634997165e-17 9.86949054008529e-05 0 0 0 0 9.86057333132957e-05
3.89 0 0.425763356365016 0 5.5962768405723e-05 0 0 0 0 0.000147950501073407
3.9 0 0.423514193433061 0 3.15891176331118e-05 0 0 0 0 0.000200396575926983
3.91 0 0.421045819231975 0 1.91846822431300e-05 0 0 0 0 0.00024363161386659
3.92 0 0.418413068391374 0 1.70326417829779e-05 0 0 0 0 0.000265290918271741
3.93 0 0.415615362711844 0 2.16693108187563e-05 0 0 0 0 0.000258363707344389
3.94 0 0.412715215461567 0 3.26744918366825e-05 0 0 0 0 0.000225225135817959
3.95 0 0.409748029733002 0 4.82197735113374e-05 0 0 0 0 0.000175565271024494
3.96 0 0.406764084650125 0 6.70606904946143e-05 0 0 0 0 0.000122585153302228
3.97 0 0.403806929341894 0 8.62209840618718e-05 0 0 0 0 7.63250365000066e-05
3.98 0 0.400911296755843 0 0.000102228688810848 0 0 0 0 4.278602048186e-05
3.99 0 0.398096402765603 0 0.000112019801270351 0 0 0 0 2.11891326556506e-05
4 0 0.395378277037149 0 0.000112887529991607 0 0 0 0 9.57737709472835e-06
4.01 0 0.392738178380184 0 0.000105196112420663 0 0 0 0 3.74707995031551e-06
4.02 0 0.390166721675774 0 9.01757424646277e-05 0 0 0 0 1.37476408052384e-06
4.03 0 0.387620710007883 0 7.14099307560681e-05 0 0 1.06062724725058e-17 0 4.20630467761397e-07
4.04 0 0.385057694253006 0 5.21017188020116e-05 0 0 0 0 1.26511801354872e-07
4.05 0 0.382435458369662 0 3.50514649723507e-05 0 0 0 0 2.98238313230233e-08
4.06 0 0.379694749012534 0 2.17720860109615e-05 0 0 0 0 7.46058887361845e-09
4.07 0 0.376800823478320 0 1.24442388344621e-05 0 0 0 0 1.3426177747087e-09
4.08 0 0.373708428375386 0 6.57945483730314e-06 0 0 3.82981361731787e-17 0 2.81777441982571e-10
4.09 0 0.370386326260651 0 3.19638478275884e-06 0 0 0 0 3.96512958632142e-11
4.1 0 0.366826898146612 0 1.43768169928982e-06 0 3.52218904885818e-20 0 0 6.81097716196814e-12
4.11 1.31272297675051e-18 0.362998292748012 7.76810008808623e-18 5.94130730543709e-07 0 1.85807800117573e-19 1.1123011249785e-17 3.25729204537918e-18 7.50827672181807e-13
4.12 7.22004637472156e-18 0.358937300244834 0 2.27112393502589e-07 0 0 0 1.48170105483517e-17 1.05258830635773e-13
4.13 2.59202477497459e-17 0.354612778728243 0 7.99341180507154e-08 0 0 9.75142482055491e-18 0 9.07008252672433e-15
4.14 0 0.35009201261336 0 2.59312200490963e-08 8.56114535771059e-18 0 1.04812499683667e-17 0 1.02683560693662e-15
4.15 2.11062496486818e-18 0.34536785499867 0 7.78568690332275e-09 0 0 0 0 1.17737206126392e-16
4.16 8.02961587880069e-18 0.340505967365018 3.84686254069698e-17 2.1393316013527e-09 0 0 0 0 3.4937980121582e-18
4.17 0 0.335534734084595 3.04693523883165e-17 5.49106748525290e-10 0 0 0 2.59017855470887e-17 2.72012768256179e-17
4.18 1.37483978404643e-17 0.330507765696008 6.99443004956822e-18 1.27478616205407e-10 0 0 0 0 2.52604819390543e-17
4.19 0 0.325473361996927 2.26442926312666e-18 2.80469563618042e-11 2.34569887213297e-18 0 4.86628281302899e-17 0 0
4.2 0 0.320479428159838 3.76981046855016e-18 5.48382900057317e-12 6.38364727231341e-19 0 0 7.42306302967147e-19 0
4.21 0 0.315567327067846 0 1.03762973079112e-12 8.17945366332939e-18 0 0 7.94200717089676e-19 0
4.22 0 0.310784637775963 0 1.70135178880167e-13 2.28593783314353e-18 0 0 5.5136266585788e-18 0
4.23 0 0.306141543955678 0 2.7755578211148e-14 0 0 0 1.27419182121897e-17 0
4.24 0 0.30168579175621 0 3.74277187088497e-15 0 0 4.09260129273313e-17 1.49185464193647e-17 0
4.25 0 0.297390536866085 1.23224212194287e-17 5.16545192645406e-16 1.35366179444747e-17 0 0 2.23460562929373e-17 0
4.26 0 0.293284467977425 0 1.55818627778811e-17 1.23416921474937e-18 0 1.17388524769318e-17 8.7468631563718e-18 0
4.27 0 0.289326353857952 6.85825166099775e-19 0 0 0 9.89467053193043e-19 2.23974590317017e-17 0
4.28 0 0.285511158737870 0 0 0 0 3.32510488202926e-17 5.68370822183184e-18 0
4.29 1.51387159748301e-17 0.281800937571607 0 2.00587146812946e-17 0 0 1.78937420164241e-16 0 0
4.3 0 0.278166025265725 0 0 0 2.76016457892381e-19 0 0 0
4.31 0 0.274573310650154 0 0 0 0 1.39779274063728e-17 0 0
4.32 0 0.270988011920515 1.95764125377957e-17 0 1.36439618709396e-18 0 2.0761752704721e-17 0 0
4.33 0 0.267378425446494 3.53308838481294e-18 0 0 0 4.02100244712263e-17 0 4.14950742304251e-18
4.34 0 0.263722267928064 0 0 0 0 1.29106633728471e-16 1.06532278668524e-17 0
4.35 0 0.259984773665075 0 0 2.64377554823570e-18 0 2.55416850375987e-17 0 0
4.36 0 0.256163891242632 0 0 8.81042569207355e-19 0 3.40199828728528e-18 0 0
4.37 0 0.252228354327536 0 2.60077899240697e-17 0 0 1.15752104765928e-17 1.55711093263810e-18 0
4.38 0 0.248188250242934 0 0 0 0 1.51686053690347e-17 1.26546205991563e-17 0
4.39 0 0.244028921635308 0 1.55893443678972e-17 0 0 1.26885971129702e-16 0 0
4.4 0 0.239763397707308 0 0 0 1.63425441295035e-17 1.32664703533544e-17 0 0
4.41 0 0.235399516970266 0 0 0 0 2.33245406727518e-17 0 6.59899633116746e-18
4.42 0 0.230953688122116 0 5.18934083555471e-18 0 0 3.89105817529574e-17 0 0
4.43 1.25443310100147e-17 0.226453356152194 0 0 3.56965240360971e-17 0 2.06322220072886e-16 0 0
4.44 0 0.221923680372318 0 0 0 0 9.33170930415225e-17 0 4.65575183252808e-17
4.45 1.13260546555601e-18 0.217399244845322 0 0 1.58113439309588e-19 0 1.74239562015113e-17 1.76529881399909e-17 8.17012000137012e-19
4.46 0 0.212920828338086 0 1.01406773388015e-17 5.92163868140822e-20 2.62581283233386e-17 4.97423622529478e-17 0 2.35071135769803e-17
4.47 0 0.208512640913997 0 2.47801396231138e-17 6.08401668463091e-18 0 8.35335855550884e-18 0 1.10631908046292e-16
4.48 0 0.204224894519354 0 0 0 0 4.60963039087175e-17 0 0
4.49 0 0.200065046599236 0 4.3088894913618e-19 0 0 1.22887436802282e-16 1.09012970220056e-18 0
4.5 0 0.196068561996829 0 3.43801417730802e-17 0 0 5.69042956584887e-17 0 8.92660425052992e-18
4.51 0 0.192231972839549 0 0 0 1.85676113750869e-17 0 3.19722996893596e-18 0
4.52 0 0.188557503788527 0 8.80524766474089e-17 6.68750638357387e-17 5.64029043836695e-17 1.39615753395882e-18 0 0
4.53 0 0.185033333369984 0 0 2.40934480095924e-17 6.0300643571217e-18 5.28482911861024e-17 0 0
4.54 0 0.181628530890376 0 0 2.23977563458950e-17 0 1.29768080142964e-17 1.2583371678558e-17 0
4.55 0 0.178322734834676 0 0 2.04010385095203e-17 0 5.84061194650148e-17 2.57216344865596e-17 0
4.56 0 0.175070109239519 0 0 1.02576484927494e-18 2.51279376251046e-18 9.35821806215148e-17 2.19865019096009e-18 0
4.57 0 0.171840345001050 0 0 3.99348347988954e-17 0 4.22254426502916e-17 0 0
4.58 0 0.168597365492954 0 0 9.37282843192874e-18 6.54112930732637e-18 1.43528116419012e-17 0 0
4.59 0 0.165305894365778 0 0 3.74363408340402e-17 0 1.10675794077722e-16 1.53305133977251e-17 0
4.6 0 0.161951801279732 0 0 3.19839192691288e-17 0 5.45176576979361e-17 1.77285756981807e-18 0
4.61 0 0.158513213989879 0 0 9.61812309021305e-18 4.97242774699797e-17 1.50186855713603e-17 2.53091855714657e-17 0
4.62 0 0.154992516501216 0 0 1.01571332401836e-17 5.30439623806574e-18 1.5954897244658e-17 1.54199437902725e-17 0
4.63 0 0.151393942791838 0 0 1.43332214430203e-17 0 4.95425191311586e-18 7.35540038117263e-18 0
4.64 0 0.147732707761836 0 0 1.00138232687756e-16 2.62927087084174e-17 3.44845347611892e-17 8.13529610846183e-17 0
4.65 0 0.144036282213608 6.35264359870764e-19 0 3.32249359183537e-17 0 2.51185917894664e-17 1.25342921157306e-16 0
4.66 0 0.140334140834776 8.09576982730012e-18 0 1.78832084176046e-16 0 2.88815203514588e-18 5.60066309376572e-17 0
4.67 0 0.136660132051343 2.08172298118828e-19 0 1.1075479521191e-16 0 7.53217653117102e-19 4.84406352787877e-17 0
4.68 0 0.133062293697838 3.28424137674953e-18 0 1.41458385470199e-16 0 2.34443407396051e-18 5.56535934456072e-17 0
4.69 0 0.129560825221563 2.03299651548508e-17 0 7.87564936164875e-17 0 1.90473003036297e-17 9.74820479028289e-17 0
4.7 0 0.126212000398127 3.60871908133007e-18 0 1.08751525315265e-16 0 4.27044022375974e-17 1.65468205129969e-16 0
4.71 0 0.123018830227956 6.97832438770307e-19 0 1.75838366142987e-16 0 0 8.18112962155297e-17 0
4.72 0 0.120019309595502 2.7382220881441e-17 0 1.24834891730628e-16 0 0 1.66533453693773e-16 0
4.73 0 0.117207343507018 3.51859803165814e-19 0 2.03531299630417e-16 0 0 1.51537768502726e-16 0
4.74 0 0.114584616337946 1.71102085711759e-17 0 3.73347084072176e-17 0 3.24198481012205e-17 1.083963256285e-16 0
4.75 2.40693408830045e-17 0.112139039806387 1.38777878078145e-17 0 4.61148320012552e-17 0 0 8.62828857484549e-17 0
4.76 0 0.109837173037251 6.93595032012749e-18 0 1.41884420373123e-17 0 0 1.04209620524288e-16 0
4.77 0 0.107661027279990 0 0 9.27883303332858e-17 0 0 3.15520986523026e-17 0
4.78 0 0.105561200243587 6.84997059602986e-18 0 9.58424561460466e-18 0 0 2.09335255211322e-18 0
4.79 0 0.103513317985047 1.34856753706850e-19 0 9.35061583960795e-17 0 1.14072882691949e-17 1.15893442219264e-17 0
4.8 0 0.101477820420570 0 0 0 0 0 0 0
4.81 0 0.0994282602093634 0 0 0 0 2.60677847560569e-17 0 0
4.82 0 0.0973492513018117 0 0 0 0 0 0 0
4.83 0 0.0952279928790514 0 0 4.46452984000644e-18 0 0 0 3.55666770723756e-19
4.84 0 0.0930679482991787 0 0 2.52655510196782e-17 0 2.93862010974154e-17 0 4.51601142728775e-17
4.85 0 0.0908776179619312 0 0 0 0 5.28803200600573e-18 0 1.29851707733712e-17
4.86 0 0.0886728068557563 0 0 0 0 5.17722752464249e-17 1.82704041116053e-18 1.00797136087180e-18
4.87 0 0.0864744002490938 0 0 0 0 0 5.01430797585875e-18 2.23897216345056e-18
4.88 0 0.084306449411842 0 0 0 0 4.90054028267993e-17 0 3.02925058814228e-18
4.89 0 0.0821843167827644 0 0 0 0 0 0 0
4.9 0 0.0801369599676687 0 0 0 0 0 2.21722247871305e-18 1.58374481143132e-17
4.91 0 0.078162278353347 0 0 0 0 1.02652842983971e-17 4.6241259083066e-18 3.1425409591737e-18
4.92 0 0.0762817084758727 0 0 0 0 1.35090967814371e-18 0 0
4.93 0 0.0744815840704937 0 0 0 0 4.43076526626421e-17 0 1.93281790185031e-17
4.94 0 0.0727650047320659 0 4.46484780401507e-18 0 0 1.14722055612382e-17 0 5.82659348368242e-18
4.95 0 0.0711158269539188 0 1.64625209288333e-19 0 0 0 0 1.1519761087476e-17
4.96 0 0.0695213734977086 0 3.24262782463496e-18 5.59991841363178e-18 1.12133645268458e-17 0 0 2.76573572801927e-17
4.97 0 0.0679666562367191 0 0 0 0 0 1.96778700016705e-17 3.93063915088239e-17
4.98 0 0.066433940207856 0 0 0 0 1.87052876841933e-17 0 2.10096778299391e-18
4.99 0 0.0649103829325697 0 0 2.10698066360309e-18 0 1.22712295865834e-17 0 3.20588455005977e-17
5 0 0.06338349586986 5.8394347877998e-18 0 2.36446859525025e-17 0 1.43776556999402e-17 0 3.77327196017547e-17
5.01 0 0.0618422819826883 7.51159018487568e-18 0 0 0 1.23424708914885e-17 2.04582341367761e-17 0
5.02 0 0.0602834455325154 0 0 2.77646840874119e-17 0 0 3.48578260607044e-17 6.63879108008319e-17
5.03 0 0.0586994233244993 0 0 5.90106410415556e-17 0 0 3.45357970565e-18 4.61261506540456e-18
5.04 0 0.0570923760642148 1.23331302049933e-17 0 7.00808809237668e-18 0 0 0 1.99471242796906e-17
5.05 0 0.0554597653161185 1.25486614625633e-17 0 4.87889483645438e-18 0 0 0 9.99935414144693e-17
5.06 0 0.0538046261980876 8.3457511692427e-18 0 0 0 0 0 3.18020901414262e-17
5.07 0 0.0521287036806056 2.13148985536235e-18 0 4.89455536850393e-17 0 0 0 2.94902990916057e-17
5.08 0 0.05043468539851 8.20795083175427e-18 0 0 0 0 0 2.50535422349212e-17
5.09 0 0.0487273051276223 8.45175403247277e-18 0 4.91021590055441e-18 0 4.00325815242358e-17 0 1.79258603253835e-17
5.1 0 0.0470099817780717 2.69005016475713e-18 0 5.4902946892823e-18 0 0 0 1.61887693158352e-17
5.11 0 0.045289146726434 8.02363510111228e-19 0 0 0 2.49912102999679e-17 1.12045722372686e-17 2.57564900971150e-18
5.12 0 0.0435714072210047 2.57686631098775e-17 0 0 0 0 0 0
5.13 0 0.0418630051495252 0 0 1.88193247724689e-17 0 0 0 0
5.14 0 0.0401748031995273 0 0 2.95984055745176e-18 0 1.21170708827529e-17 0 1.16820212511040e-17
5.15 0 0.0385119165271433 0 0 0 0 0 0 4.16235496100783e-17
5.16 0 0.036886271981876 0 0 3.26598785587907e-17 0 0 0 6.65081338515497e-17
5.17 0 0.0353030631717609 0 0 2.97216114907817e-17 0 0 0 4.99294658838999e-17
5.18 0 0.0337704432503814 0 0 7.55620671412957e-18 6.82599569901924e-18 4.73507872407044e-18 0 5.81810319592258e-17
5.19 0 0.0322949818765139 0 2.64080733094576e-18 0 2.77555756156289e-17 5.11304770410092e-17 0 2.15593469281728e-18
5.2 0 0.0308773509270754 2.46038293561343e-18 0 0 1.82702413027258e-17 2.2966584552713e-17 0 1.20460603091047e-17
5.21 0 0.0295266925810093 1.03203073925493e-18 0 2.50208954642693e-17 0 5.39123388435469e-20 0 8.77627408087447e-17
5.22 0 0.0282350269287043 0 0 0 6.07233646339155e-18 4.31744566617897e-17 1.28086631830273e-17 5.29790266794191e-17
5.23 0 0.0270148915079382 0 0 3.15936841736365e-17 2.0172278704377e-19 0 1.23751184399250e-17 3.49170235435291e-17
5.24 0 0.025852628533528 0 0 2.01106795637165e-17 0 0 0 1.88756981965319e-17
5.25 0 0.0247586338782225 0 0 9.51696873476667e-18 0 1.20052718737242e-17 0 5.53347469580169e-17
5.26 0 0.0237216364935076 0 0 1.85994382208924e-17 0 1.27759419428975e-17 0 8.94616992397886e-17
5.27 0 0.0227460062421631 0 0 5.05116068900345e-18 0 0 0 5.81604534970792e-17
5.28 0 0.0218251743822527 0 0 5.88428489091486e-17 0 0 0 4.51904664474978e-17
5.29 0 0.0209570692969685 0 0 0 0 0 0 2.83448245364120e-17
5.3 2.58658633146836e-18 0.0201385964316883 0 0 0 0 0 0 1.48019780255699e-17
5.31 8.36394863238828e-19 0.0193619827568621 0 8.41262190432738e-18 5.08248175310348e-18 0 0 0 5.13270829147753e-17
5.32 0 0.0186258878255053 0 3.51276371440519e-18 0 0 1.11022302462516e-16 0 4.59719019446953e-17
5.33 0 0.0179190305119630 0 2.14879498027368e-17 0 3.8679742485972e-17 2.18422801259919e-16 0 1.77978263248671e-17
5.34 0 0.0172405078784234 0 7.473700985612e-18 0 1.39813265061505e-16 1.77552406142955e-16 0 4.93561214499506e-17
5.35 0 0.016579710259197 0 0 0 9.7623916051338e-17 3.05542384652681e-16 0 5.10419171527261e-18
5.36 0 0.0159349509634227 0 0 0 8.555582731463e-17 2.9452343220349e-16 0 1.57910005033602e-18
5.37 0 0.0153008005664565 0 0 1.80943055465323e-18 1.87371509602814e-16 1.42276453540201e-16 0 2.80769799593397e-17
5.38 0 0.0146770365606468 0 1.89252319096321e-17 1.66784666332608e-18 2.87756457609809e-16 3.52423611269184e-16 0 5.33947886870336e-18
5.39 0 0.0140636138618622 0 0 4.63061149317403e-17 1.52764829136459e-16 2.75690941984886e-16 1.74176706953839e-19 6.12660026846434e-18
5.4 0 0.0134634260467380 0 0 2.10215468341292e-17 3.10848335500693e-16 3.86358963363579e-16 2.03498684540977e-17 5.56691497143459e-19
5.41 0 0.0128808401439005 0 5.26666739721017e-17 2.97072291644877e-17 1.53272039110250e-16 2.34296333204897e-16 0 1.26699707098177e-17
5.42 1.88650525105034e-17 0.0123194744989439 1.08491239669022e-17 3.43536835717623e-18 2.93125203488488e-17 1.67730921656478e-16 3.53764211777548e-16 0 2.76646011745327e-17
5.43 1.67283465774341e-18 0.0117866752191408 4.61189593011047e-18 9.44979982422647e-18 5.36378003426514e-17 4.71418930165305e-16 5.40394232371403e-16 6.20018041652943e-17 0
5.44 1.38777878078145e-17 0.0112818786232555 1.38777878078145e-17 7.71959277540645e-19 4.86518381933579e-17 3.03895537308244e-16 3.03569745803597e-16 2.98605563506828e-17 1.34120707517654e-17
5.45 2.73838270920312e-17 0.0108130615011913 3.16646417839702e-18 0 1.49162089033053e-16 1.64346046567785e-16 2.38025961547691e-16 4.09900314197962e-17 0
5.46 8.2151458810459e-17 0.0103732693020557 1.49059851187229e-17 0 7.62770167295633e-17 7.84199811070182e-17 9.07105800071088e-17 2.77555756156289e-17 1.28004218997739e-17
5.47 6.99465955229207e-17 0.00996507426287407 3.42722377557409e-17 0 1.04097790884905e-16 5.55111512312578e-17 1.22673293252423e-16 6.93889390390723e-17 9.4291329438219e-17
5.48 5.5697059191503e-17 0.00957920555954322 5.84850508749959e-17 4.85124487179325e-17 7.28812376862223e-17 1.75901526479926e-17 8.18411600489179e-17 5.36392141226324e-17 1.2147333536253e-17
5.49 1.66533251503079e-16 0.00921088140372061 2.77555756156289e-17 4.78211596937619e-17 1.35192894444449e-16 1.06715974124354e-16 2.78788038186966e-17 1.19732519914331e-16 2.07806646254679e-17
5.5 9.69586965569834e-17 0.00885145851859988 2.42128131192624e-17 5.45844012392501e-17 1.14762613210956e-16 0 6.19518000416075e-18 5.55111512312578e-17 1.38777878078145e-17
5.51 8.3638407973588e-17 0.00849329400509274 4.51849566711473e-17 1.82374230949224e-17 1.31419984426147e-16 3.73677124219815e-17 4.33672476290853e-17 9.10014891298285e-17 2.30716137358573e-17
5.52 9.65869704990146e-17 0.00812978699476613 1.38777878078145e-17 2.77555756156289e-17 2.14934723374331e-16 0 4.64648376311585e-17 6.08157537187156e-17 5.02106832487148e-18
5.53 8.10365052928827e-17 0.00775671335563224 2.4221643870603e-17 3.52993205257202e-17 8.24574920033074e-17 3.51931740555774e-17 6.96084392757878e-17 5.55111512312578e-17 8.34551520634883e-18
5.54 1.48070580214641e-17 0.00737076850271232 8.99847842729913e-17 2.70263367733842e-17 1.2536734982032e-16 2.93896965803262e-17 3.74875929952896e-17 8.08915579098998e-17 0
5.55 7.99213271189931e-17 0.00697423886648912 4.95103674357354e-17 6.08526722560369e-18 1.04348359397705e-16 2.87807932648117e-17 2.44654415462639e-17 4.8563615175821e-18 0
5.56 0 0.00656859323806249 3.42898992584193e-17 2.57995465868967e-17 1.44827956272472e-16 8.5109004978422e-17 4.84451782429311e-17 1.56676836434701e-17 0
5.57 2.77555756156289e-17 0.00616046822440832 1.48706621133661e-17 2.41238887629997e-17 1.40088249947324e-16 4.2823361477357e-17 1.38777878078145e-17 6.03195480075534e-17 0
5.58 4.33060857530246e-17 0.00575702089962051 0 0 5.55111512312578e-17 0 0 0 0
5.59 2.58969902570643e-17 0.00536478974489876 4.02730215512633e-17 2.07251798161339e-17 4.89624924228475e-17 0 0 0 0
5.6 0 0.00499294518556211 4.62561438441147e-17 2.21334878791330e-18 2.77555756156289e-17 0 0 0 1.84331390766356e-17
5.61 7.88061040138234e-17 0.00464655061513525 4.11875829894046e-17 8.00841031385757e-18 8.00237185067802e-17 4.47368249481132e-17 0 0 4.25588099357803e-18
5.62 1.96085944889643e-17 0.00433116532680905 1.19662445856896e-17 0 1.85577304792536e-17 0 0 0 1.01331110908331e-17
5.63 4.42354008979381e-17 0.0040504254650462 1.04933759253766e-16 0 3.84216761474378e-17 0 1.05065383301808e-17 0 4.00166272032496e-17
5.64 3.60575624164878e-17 0.00380292265297933 2.19561871060991e-17 2.95967580427228e-18 3.78904962634917e-17 2.77555756156289e-17 3.04486996263907e-17 0 5.81001959006181e-17
5.65 1.48688176623245e-18 0.00359109709158512 3.9170618851378e-17 2.53348811831305e-17 1.06974215959080e-17 6.84859138077201e-20 1.33326411973736e-17 0 2.55445117284392e-17
5.66 3.94339093617064e-17 0.00340723886033881 5.61565472621558e-18 0 0 0 1.26718446965575e-17 0 2.33664711276161e-17
5.67 2.05687669886704e-17 0.00325263600962949 8.35399997325783e-18 2.32129365373462e-17 0 0 9.71481186360502e-18 0 0
5.68 2.58660879710112e-17 0.00311751778112009 0 4.94133709418205e-18 0 0 0 0 3.36782929334277e-17
5.69 0 0.00300058699200747 0 8.68767504150796e-18 0 1.91279791217706e-17 0 0 5.55111512312578e-17
5.7 0 0.00289527651682452 0 2.33958425750633e-17 0 1.09468907803732e-17 0 0 0
5.71 0 0.0027992890455886 1.90341080757426e-17 1.84277783188491e-17 0 0 0 0 1.34497069216214e-17
5.72 0 0.00270977482371615 0 0 2.00192727829253e-17 0 0 0 0
5.73 1.16474539256503e-17 0.00262562303716396 1.88503742924321e-17 3.00945048939097e-17 0 0 0 0 0
5.74 1.85243186011249e-17 0.00254673580531521 0 1.01558894673625e-17 0 3.86644884847174e-17 0 0 0
5.75 2.29231817933369e-17 0.00247324679657213 0 2.08166817117217e-17 0 0 2.17442134707387e-17 0 0
5.76 0 0.00240668532266871 2.30585898059881e-17 2.60300414305955e-17 0 0 8.56619690611724e-18 0 7.78048693343122e-17
5.77 0 0.00234682623880958 0 5.26452648777279e-17 0 7.94377288474383e-18 0 0 0
5.78 1.92677707170559e-17 0.00229560003717419 0 6.0206097961934e-17 0 0 0 0 0
5.79 0 0.00225125722976246 9.14958647124288e-18 7.8688816519519e-17 0 0 0 0 0
5.8 0 0.00221412172488750 8.6590364860247e-18 6.34439551693438e-17 0 2.17568097331319e-17 0 0 0
5.81 0 0.00218164499047861 1.92802729129147e-17 2.10057465278796e-17 0 0 0 0 0
5.82 0 0.00215196585067684 0 9.04494302987743e-18 0 0 0 0 0
5.83 0 0.00212244754637921 0 2.60240781590648e-18 0 0 0 0 0
5.84 0 0.00209051848447648 3.96205067638391e-18 0 0 2.05128656373479e-17 0 0 4.27592103519061e-17
5.85 0 0.00205393074722112 1.00076040230858e-17 0 0 2.23059914548013e-18 0 1.13628816979245e-18 0
5.86 0 0.00201148574851115 0 0 0 0 0 5.74048926962461e-19 2.24020137291475e-17
5.87 0 0.00196175506596692 0 0 0 0 3.84653714943965e-18 4.56877204743444e-18 0
5.88 0 0.00190590370269669 0 4.95842526830336e-18 0 0 0 0 0
5.89 1.01605496937888e-17 0.00184371418696534 0 1.85608079954384e-18 0 0 0 0 7.32088880957672e-17
5.9 1.0749063532426e-17 0.00177779682768553 0 3.64504065829816e-17 0 0 0 0 6.61748956019265e-18
5.91 1.99493733296098e-17 0.00170949104741592 0 1.12511358919457e-17 0 0 0 7.69563867074576e-18 1.10802473043138e-17
5.92 0 0.00164093406828308 0 0 2.42410643761558e-17 0 0 2.56638390978382e-18 2.77555756156289e-17
5.93 5.14221870592654e-17 0.00157382291426388 0 0 0 0 0 0 7.11640709893807e-17
5.94 8.27099465226939e-18 0.00150916666458081 9.13014527943843e-18 2.86056243310139e-17 0 0 0 0 6.87569752022168e-17
5.95 2.13741360048790e-17 0.00144748100704085 6.64374241709184e-17 0 0 2.05312574563948e-17 0 0 5.70165980254858e-17
5.96 3.54689811809492e-17 0.00138862285223748 4.16333634234434e-17 1.78605838703647e-17 0 0 0 2.66837254462949e-17 2.4151912052050e-19
5.97 0 0.00133163862941105 3.33105789771163e-17 2.21081488783093e-17 0 2.81536721211093e-18 2.63709990147454e-18 0 6.80405132586889e-18
5.98 0 0.00127549177971484 3.76194921336668e-17 3.10115181445523e-18 0 0 1.32450482060334e-17 0 6.74367154573875e-18
5.99 0 0.00121886382641032 0 6.93889390390723e-18 0 0 0 0 0
6 0 0.00116034048484345 0 1.33899732049382e-17 0 0 0 0 0
6.01 0 0.00109953231387735 0 2.75738622322202e-17 0 0 0 4.57941071203302e-18 0
6.02 0 0.00103572077393357 0 2.87117313386482e-17 0 0 2.57133002068946e-17 5.51600578230473e-19 0
6.03 0 0.00096960593693989 0 0 3.23158249250786e-19 0 0 0 0
6.04 0 0.00090185467368376 0 0 5.46161055243884e-19 0 0 8.33588212746772e-18 0
6.05 0 0.000833780014964571 0 0 0 6.18216074487701e-17 1.65157880795566e-17 0 3.19149375591574e-17
6.06 0 0.000766861121328808 1.93609474167786e-17 8.99675789674397e-18 0 4.15473108019372e-18 0 0 0
6.07 0 0.00070257939241861 0 4.55452455091471e-17 0 6.72341229292331e-18 2.66335902113425e-17 4.22842250416674e-18 1.44446367973927e-17
6.08 0 0.000641941488122747 0 0 0 3.45417662582587e-17 0 7.97907411664616e-20 0
6.09 0 0.000586271325108095 0 3.39287277035574e-18 0 2.63785414452589e-17 0 0 1.01409621415237e-17
6.1 0 0.00053522842305442 0 1.70027829019877e-17 0 5.41254720404166e-18 0 0 2.42272457834897e-17
6.11 0 0.000489766740056731 0 2.64135478136901e-18 0 8.0722885174504e-18 0 0 7.1001749733919e-17
6.12 0 0.000448474953755751 0 5.35489634240796e-17 0 1.00636640033447e-17 0 0 4.16333634234434e-17
6.13 0 0.000411447598562175 0 0 0 0 0 0 1.08613587591749e-16
6.14 0 0.000377371210454642 0 4.91550540352797e-17 0 0 0 0 1.29817720219926e-16
6.15 6.13345749080592e-18 0.000345744237861986 0 5.96451600453554e-17 0 1.17556897802827e-17 3.55586700489721e-17 0 8.76731525198859e-17
6.16 7.12504898611472e-19 0.000315778494767574 0 8.8703229976701e-17 0 6.68469693538282e-17 8.0438724454693e-18 0 2.53206376096277e-16
6.17 2.77555756156289e-17 0.000287002499961602 0 8.00131696265793e-17 0 6.18634312206597e-17 0 0 2.08508536445797e-16
6.18 1.05328373925632e-18 0.000259161221124715 0 1.07651513331983e-16 0 3.69917156543676e-17 2.53322607409449e-18 0 9.9044774681395e-17
6.19 0 0.000232098813775568 0 1.31275660949044e-16 0 9.48305968285831e-17 0 0 9.7436378246571e-17
6.2 0 0.000205980828298129 0 1.72655087069310e-16 0 0 0 0 9.15933017846458e-17
6.21 0 0.000180825182976398 0 5.09839189054778e-17 0 2.46349059006964e-17 0 0 6.69600006711682e-18
6.22 1.37228719961513e-17 0.000157102434913975 0 1.30939450111571e-16 0 7.04578037552525e-17 0 0 7.99547438995751e-17
6.23 0 0.000134762564223892 0 6.9749784990365e-17 0 3.98848460143354e-17 0 0 8.39003097673446e-17
6.24 6.96984112122929e-18 0.000114303739794186 0 1.57650652811115e-16 0 1.19244555249006e-16 0 0 5.55111512312578e-17
6.25 1.0222522758143e-17 9.56221150651253e-05 0 5.55111512312578e-17 0 0 2.10385514022527e-17 0 8.2561109753925e-17
6.26 2.04914663422663e-17 7.90028859369308e-05 0 1.52362781617311e-16 0 5.19055338436034e-17 9.248214160507e-18 0 4.79638466425711e-17
6.27 0 6.43561049452974e-05 0 1.14826278830426e-17 1.10470661240309e-18 3.22597618501629e-18 2.30105738732694e-17 0 0
6.28 2.06153450740782e-17 5.16749108158733e-05 0 1.5775396388351e-17 2.37257060557545e-18 7.89381985734667e-17 1.12318656999868e-17 5.34587562930065e-19 1.61170177305678e-17
6.29 8.30191378755003e-18 4.09267938365772e-05 0 6.45501309896057e-17 0 1.36425655984001e-16 1.00915760865938e-17 1.49643773946641e-18 0
6.3 2.99008158829782e-17 3.18530640600214e-05 0 2.03654287656952e-17 1.37941965102902e-17 4.65557134809268e-17 0 0 3.42788525675171e-17
6.31 0 2.44870808716023e-05 0 1.26114953913749e-16 2.85199742380424e-17 7.67971244378668e-18 0 0 2.39827328630876e-17
6.32 0 1.84165852932557e-05 0 2.08629801099390e-17 5.99094877051936e-18 1.41079386251145e-17 0 0 0
6.33 0 1.37191857318277e-05 0 0 8.17850048439475e-18 1.57691838415997e-18 0 0 1.14801621549469e-17
6.34 0 9.96894848935611e-06 0 6.40815943625426e-17 0 4.8739119207022e-18 0 0 0
6.35 0 7.16319188389313e-06 0 0 2.70173184394625e-17 0 0 0 0
6.36 1.14612539121881e-18 5.02406025415255e-06 0 0 6.01907693997975e-17 7.35316125439331e-17 1.60673893367114e-18 0 0
6.37 5.69983699819688e-18 3.46992993714819e-06 0 0 5.53295880457227e-18 0 2.42321985454205e-17 0 0
6.38 3.13644984690310e-18 2.3467474122165e-06 0 0 1.32117386985932e-17 0 0 0 0
6.39 0 1.55325661928628e-06 0 0 6.19475166462037e-18 1.12075339209451e-17 4.53734597537441e-19 0 0
6.4 0 1.01243963482418e-06 0 0 1.51171544096357e-17 0 1.70396050489645e-19 0 0
6.41 0 6.40340790676582e-07 0 0 1.44538439768691e-18 0 0 0 4.44244275925297e-18
6.42 7.60879583102955e-18 4.02246824399125e-07 0 0 1.11504823414646e-18 0 0 0 2.24084900635722e-18
6.43 0 2.42450519173169e-07 0 0 2.66786640529227e-17 0 0 0 4.95364703584831e-18
6.44 0 1.46821161138475e-07 0 4.17345043069414e-17 9.22059704908954e-19 3.30781167878998e-19 0 0 3.81740739639232e-17
6.45 0 8.4967447342256e-08 0 0 1.91099194939934e-17 0 0 0 0
6.46 0 4.91358278398826e-08 0 0 0 1.56943425449294e-17 8.63418470676844e-18 0 5.69670630959311e-17
6.47 0 2.73710378241414e-08 0 8.51937411584481e-18 0 3.07881911848822e-18 1.66880110570388e-17 0 6.09560312379048e-17
6.48 0 1.50528086074527e-08 0 0 0 0 0 0 5.89805981832114e-17
6.49 0 8.08053471222574e-09 0 3.46944695195361e-17 0 9.47743205610742e-17 0 0 8.39441779042905e-17
6.5 0 4.21567689508716e-09 0 3.01829175938631e-18 0 0 3.33648731774466e-17 0 1.02916747484535e-18