15	-72	-19.3	31.7	8	12.6	0.91
3	-79	-19.3	31.6	8.1	12.6	0.91
17	-71	-22.2	31.5	8.1	15.5	0.91
2	-76	-20.2	31.5	8.1	13.5	0.91
16	-67	-19.3	31.1	8.1	12.5	0.91
13	-73	-19.8	31.1	8.2	13.1	0.91
10	75	-21.1	31	8.2	14.3	0.91
7	-79	-20.3	31	8.2	13.5	0.91
4	-79	-20.5	31	8.2	13.7	0.91
12	-75	-20	30.8	8.2	13.2	0.91
13	-72	-19	30.7	8.2	12.2	0.91
8	-75	-20.6	30.7	8.2	13.8	0.92
17	-63	-19.1	30.5	8.3	12.3	0.92
18	-89	-19.5	30.5	8.3	12.7	0.92
14	-73	-18.8	30.4	8.3	11.9	0.92
12	-74	-19.2	30.3	8.3	12.4	0.92
13	-73	-19.3	30.2	8.3	12.5	0.92
11	-74	-19.3	30.1	8.3	12.4	0.92
2	-90	-19.5	30	8.4	12.6	0.92
11	-94	-20.6	30	8.4	13.8	0.92
9	-75	-20.4	29.9	8.4	13.5	0.92
17	-90	-19.7	29.9	8.4	12.9	0.92
10	-75	-19.4	29.9	8.4	12.5	0.92
16	-93	-19.7	29.8	8.4	12.8	0.92
14	-92	-19.5	29.8	8.4	12.6	0.92
13	-95	-19.9	29.8	8.4	13	0.92
19	-60	-18.8	29.8	8.4	11.9	0.92
6	-78	-20.1	29.7	8.4	13.2	0.92
15	-91	-19.7	29.7	8.4	12.9	0.93
6	-95	-19.9	29.7	8.4	13	0.93
18	-91	-19.7	29.6	8.4	12.8	0.93
16	-91	-19.7	29.6	8.4	12.8	0.93
17	-93	-19.4	29.6	8.4	12.5	0.93
12	-96	-19.5	29.6	8.4	12.6	0.93
11	-93	-19.9	29.6	8.4	13	0.93
12	-94	-19.9	29.6	8.4	13	0.93
1	-90	-19.4	29.5	8.5	12.5	0.93
12	-92	-19.8	29.4	8.5	12.9	0.93
6	-94	-20	29.4	8.5	13.1	0.93
8	-95	-20.1	29.4	8.5	13.2	0.93
14	-93	-19.5	29.4	8.5	12.6	0.93
6	-93	-19.9	29.4	8.5	12.9	0.93
9	-75	-19.8	29.4	8.5	12.9	0.93
7	-90	-20	29.3	8.5	13	0.93
4	-90	-19.9	29.3	8.5	13	0.93
10	-95	-20	29.2	8.5	13	0.93
7	-96	-20.2	29	8.6	13.3	0.93
16	-67	-19	29	8.6	12	0.93
9	-90	-20.1	29	8.6	13.1	0.93
10	-92	-20.1	28.9	8.6	13.1	0.93
8	-75	-20	28.9	8.6	13	0.93
7	-87	-19.4	28.9	8.6	12.5	0.93
7	-76	-20.1	28.6	8.6	13.1	0.94
10	32	-19.3	28.5	8.7	12.3	0.94
7	27	-19.4	28.5	8.7	12.4	0.94
18	62	-18.5	28.4	8.7	11.5	0.94
18	58	-18.2	28.4	8.7	11.1	0.94
17	57	-20	28.4	8.7	13	0.94
18	61	-19.9	28.3	8.7	12.9	0.94
18	60	-19	28.3	8.7	12	0.94
9	31	-18.5	28.3	8.7	11.5	0.94
6	25	-19.3	28.2	8.7	12.3	0.94
5	24	-18.2	28.2	8.7	11.2	0.94
10	33	-19.9	27.9	8.8	12.8	0.94
8	29	-19.2	27.9	8.8	12.1	0.94
17	54	-18.6	27.8	8.8	11.5	0.94
3	21	-20	27.8	8.8	12.9	0.94
17	49	-18	27.5	8.9	10.9	0.95
12	36	-19.9	27.4	8.9	12.8	0.95
15	41	-19.9	27.2	8.9	12.8	0.95
6	88	-21.7	27	9	14.5	0.95
5	22	-20.4	27	9	13.2	0.95
17	45	-18.3	26.9	9	11.1	0.95
14	39	-18.5	26.9	9	11.3	0.95
17	47	-19.4	26.8	9	12.2	0.96
15	43	-17.9	26.8	9	10.7	0.96
7	88	-21.7	26.7	9	14.5	0.96
28	68	-21.4	26.5	9.1	14.2	0.96
28	68	-21.4	26.5	9.1	14.2	0.96
14	68	-19.6	26.5	9.1	12.4	0.96
13	67	-19.6	26.5	9.1	12.4	0.96
20	67	-23.1	26.2	9.2	15.8	0.96
18	60	-20.6	26	9.2	13.3	0.96
18	60	-20.6	26	9.2	13.3	0.96
2	21	-21.7	26	9.2	14.4	0.96
2	92	-20.4	25.8	9.3	13.1	0.97
1	92	-19.7	25.7	9.3	12.4	0.97
1	19	-21.6	25.2	9.4	14.3	0.97
27	68	-19.9	24.8	9.5	12.5	0.98
26	68	-19.9	24.8	9.5	12.5	0.98
27	68	-23.2	23.4	9.8	15.6	0.99
27	68	-23.2	23.4	9.8	15.6	0.99
0	92	-20.2	20.6	10.6	12.3	1.03
40	47	-19.4	14.5	12.7	10.8	1.1
40	47	-19.9	14.5	12.7	11.3	1.1
40	47	-20.2	14.4	12.7	11.6	1.1
40	47	-19.6	14.4	12.7	11	1.1
40	47	-19.6	14.4	12.7	11	1.1
41	47	-19.6	14.3	12.8	11	1.11
42	41	-19.4	13.2	13.2	10.6	1.12
67	7	-25.3	13	13.3	16.6	1.12
60	-17	-21.1	12.7	13.4	12.3	1.13
59	-15	-19.2	12.7	13.4	10.4	1.13
58	-14	-24.1	12.7	13.4	15.3	1.13
61	-18	-22.4	12.6	13.5	13.5	1.13
62	-20	-23.2	12.5	13.5	14.3	1.13
67	6	-25.4	12.4	13.6	16.6	1.13
62	-21	-21.7	11.6	13.9	12.7	1.14
52	-36	-23	11.5	14	14	1.14
52	-35	-24.2	11.1	14.1	15.1	1.15
61	-9	-23.4	10.9	14.2	14.4	1.15
62	-24	-22.9	10.8	14.3	13.9	1.15
45	41	-20.5	10.8	14.3	11.5	1.15
60	-26	-23.4	10.6	14.4	14.4	1.16
57	-29	-23.1	10.2	14.6	14	1.16
59	-28	-24.2	9.8	14.8	15	1.17
70	0	-25.7	9.7	14.8	16.6	1.17
64	-8	-25.6	7.7	15.8	16.2	1.2
70	0	-24.2	7.1	16.2	14.7	1.21
70	0	-27.1	6.2	16.7	17.5	1.22
63	175	-24.1	6.2	16.7	14.5	1.22
66	-10	-27.1	6	16.8	17.5	1.22
72	10	-26.3	3.8	18.2	16.4	1.26
67	171	-20.5	3.6	18.3	10.6	1.26
68	169	-18.7	3.5	18.4	8.8	1.26
63	179	-19	3.1	18.7	9	1.27
68	173	-21.9	2.7	18.9	11.9	1.28
67	173	-22.5	2.6	19	12.5	1.28
66	170	-20	2.4	19.2	9.9	1.28
66	170	-25	2.4	19.2	14.9	1.28
72	-7	-21.9	2.4	19.2	11.9	1.28
72	-8	-23	2	19.4	12.9	1.29
72	-8	-22.3	1.6	19.7	12.2	1.3
58	171	-20.3	1	20.2	10.1	1.31
73	162	-25.3	0.8	20.4	15	1.31
58	173	-19	0.7	20.4	8.7	1.31
68	173	-21.7	0.6	20.5	11.4	1.31
58	172	-19.5	0.2	20.8	9.1	1.32
73	-6	-25.3	0.2	20.9	15	1.32
72	-1	-25.7	-0.7	21.6	15.2	1.33
57	171	-20.5	-1.2	22	10	1.34
59	171	-20.3	-1.5	22.3	9.8	1.35
59	171	-20.7	-1.6	22.4	10.1	1.35
0	-73	-20	31.6	8.1	13.3	0.91
-4	-73	-20.3	31.4	8.1	13.6	0.91
-7	-73	-19.9	30.1	8.3	13.1	0.92
-1	-89	-19.4	29.6	8.4	12.5	0.93
-10	-74	-20.7	29.6	8.4	13.8	0.93
0	-89	-19.7	29.5	8.5	12.7	0.93
-4	-90	-19.4	29.4	8.5	12.5	0.93
-6	-89	-20.5	29.4	8.5	13.6	0.93
-12	-76	-20.7	29.2	8.5	13.8	0.93
-6	-89	-20.4	29.2	8.5	13.5	0.93
-8	-89	-20.1	28.9	8.6	13.2	0.93
-9	-88	-20.5	28.3	8.7	13.4	0.94
-10	-88	-20	28.3	8.7	12.9	0.94
-16	-76	-20.4	28.1	8.8	13.3	0.94
-11	-88	-19.9	28	8.8	12.8	0.94
-14	-86	-19.2	28	8.8	12.1	0.94
-13	-87	-19.5	27.9	8.8	12.4	0.94
-16	-74	-19.1	27.7	8.8	12	0.95
-12	-88	-19.5	27.7	8.8	12.3	0.95
-15	-85	-19.7	27.6	8.8	12.5	0.95
-15	-86	-19.6	27.6	8.9	12.5	0.95
-15	-85	-20.1	27.6	8.9	13	0.95
-19	-61	-20.7	27.4	8.9	13.6	0.95
-18	-65	-20.4	27.4	8.9	13.2	0.95
-17	-70	-19.6	27.4	8.9	12.5	0.95
-13	-88	-19.8	27.3	8.9	12.7	0.95
-16	-76	-19.2	27.2	8.9	12.1	0.95
-16	-79	-19.5	26.9	9	12.3	0.95
-10	138	-21.4	26.8	9	14.2	0.96
-11	138	-21.4	26.8	9	14.2	0.96
-23	-77	-19	26.6	9.1	11.8	0.96
-14	150	-24.5	26.4	9.1	17.3	0.96
-15	150	-24.5	26.4	9.1	17.3	0.96
-30	-58	-21.8	25.7	9.3	14.5	0.97
-21	-76	-19.2	25.2	9.4	11.8	0.97
-1	89	-20.6	25	9.4	13.2	0.98
-24	-59	-19.3	24.8	9.5	11.9	0.98
-2	88	-19.9	24.6	9.5	12.5	0.98
-4	17	-20.9	24.5	9.6	13.4	0.98
-2	92	-19.7	24.2	9.6	12.2	0.98
-3	18	-21.5	24.2	9.6	14	0.98
-8	82	-18.1	24.1	9.7	10.6	0.99
-25	-77	-19	23.9	9.7	11.5	0.99
-6	15	-21.7	23.9	9.7	14.1	0.99
-9	14	-21.4	23.7	9.8	13.9	0.99
-12	14	-21.1	23.6	9.8	13.6	0.99
-33	-58	-21.4	23.5	9.8	13.8	0.99
-11	79	-19.9	22.8	10	12.3	1
-15	15	-21.7	22.4	10.1	14	1
-24	20	-21.7	22.2	10.2	14	1.01
-28	-78	-19.6	22	10.2	11.9	1.01
-2	85	-20.1	21.9	10.2	12.3	1.01
-25	21	-21.7	21.9	10.2	13.9	1.01
-26	22	-26.7	21.4	10.4	18.9	1.02
-17	16	-22.8	21.3	10.4	15	1.02
-21	18	-21.3	21.3	10.4	13.4	1.02
-35	-58	-21.7	21.2	10.5	13.9	1.02
-5	82	-19.5	21.1	10.5	11.7	1.02
-19	17	-21.9	21.1	10.5	14	1.02
-29	32	-21.5	21.1	10.5	13.7	1.02
-4	82	-18.3	21	10.5	10.4	1.02
-27	26	-20.5	20.7	10.6	12.6	1.02
-34	52	-20.4	20.7	10.6	12.5	1.02
-9	80	-18.6	20.5	10.6	10.7	1.03
-30	35	-22.2	20.5	10.6	14.3	1.03
-31	38	-21.6	20.2	10.7	13.7	1.03
-29	30	-22.5	20	10.8	14.6	1.03
-33	49	-21.8	20	10.8	13.8	1.03
-39	-59	-20.3	19.7	10.9	12.3	1.04
-5	82	-20.2	19.7	10.9	12.2	1.04
-10	79	-16.5	19.7	10.9	8.5	1.04
-29	33	-22.1	19.4	11	14.1	1.04
-30	36	-22.4	19.1	11.1	14.3	1.04
-33	45	-22.2	19	11.1	14.2	1.05
-32	43	-22.5	18.9	11.1	14.4	1.05
-7	81	-17.4	18.2	11.4	9.2	1.06
-31	-78	-21.6	18.2	11.4	13.4	1.06
-39	-60	-19.5	18.1	11.4	11.3	1.06
-40	-61	-19.3	17.9	11.5	11.1	1.06
-12	78	-21.2	17.9	11.5	13	1.06
-40	-61	-20.4	17.8	11.5	12.2	1.06
-35	-78	-21.1	16.8	11.8	12.8	1.07
-12	78	-18	16.6	11.9	9.6	1.08
-41	-62	-17.9	16.4	12	9.5	1.08
-37	-78	-20.3	16.2	12	11.9	1.08
-44	-65	-18.4	16.2	12.1	10	1.08
-12	78	-19.8	16	12.1	11.4	1.08
-34	49	-22.2	16	12.1	13.7	1.08
-44	-66	-18.5	15.7	12.2	10	1.09
-44	-65	-17.7	15.3	12.4	9.2	1.09
-42	-64	-17.6	15.2	12.4	9.1	1.09
-45	-66	-21.1	11.9	13.7	12.2	1.14
-41	56	-27.6	10.7	14.3	18.5	1.16
-42	57	-27.6	10.7	14.3	18.5	1.16
-45	-67	-22.8	10.2	14.5	13.7	1.16
-46	-67	-23.1	9.9	14.7	14	1.17
-45	-66	-22.9	9.8	14.7	13.7	1.17
-45	-66	-22.3	8.9	15.2	13	1.18
-46	-68	-23.2	7.7	15.8	13.8	1.2
-46	-67	-24.4	7.4	16	14.9	1.2
-47	-68	-24.6	6.8	16.3	15.1	1.21
-47	-51	-25.8	6.7	16.4	16.3	1.22
-48	-52	-25.8	6.3	16.6	16.2	1.22
-51	-55	-26.5	5.7	17	16.8	1.23
-51	-55	-25.4	5.6	17.1	15.7	1.23
-49	-54	-26	5.5	17.1	16.3	1.23
-51	-55	-25.3	5.5	17.1	15.6	1.23
-50	-67	-26.2	4.4	17.8	16.4	1.25
-52	-56	-25.8	4.1	18	16	1.25
-53	-58	-26.2	4	18.1	16.3	1.26
-55	-60	-25	3.2	18.6	15	1.27
-56	-61	-26.4	3	18.7	16.4	1.27
-54	-59	-26.6	3	18.7	16.6	1.27
-57	-72	-27.4	2.4	19.2	17.3	1.28
-58	-62	-28.3	2.3	19.2	18.2	1.28
-57	-68	-24.5	2.2	19.3	14.4	1.29
-57	-63	-27.9	2.1	19.4	17.8	1.29
-57	-68	-25.8	2.1	19.4	15.7	1.29
-57	-63	-26	2.1	19.4	15.9	1.29
-57	-68	-25.9	2.1	19.4	15.8	1.29
-57	-69	-26.3	2	19.4	16.2	1.29
-57	-69	-25	2	19.5	14.9	1.29
-58	-75	-25.8	1.8	19.6	15.7	1.29
-61	62	-26.9	1.8	19.6	16.8	1.29
-62	62	-26.9	1.8	19.6	16.8	1.29
-58	-77	-27.1	1.8	19.6	17	1.29
-58	-80	-26.6	1.7	19.7	16.5	1.29
-58	-80	-26.7	1.6	19.7	16.5	1.3
-57	-79	-26.1	1.6	19.8	15.9	1.3
-59	-67	-27.3	1.5	19.8	17.1	1.3
-58	-79	-25.8	1.5	19.8	15.6	1.3
-57	-79	-26	1.4	19.9	15.8	1.3
-59	-64	-28.4	1.3	20	18.2	1.3
-62	57	-31.7	0.5	20.6	21.4	1.31
-62	57	-29.1	0.5	20.6	18.8	1.31
-62	57	-29.4	0.3	20.8	19	1.32
-62	57	-25.4	0.3	20.8	15	1.32
-62	60	-32.4	0.2	20.8	22.1	1.32
-62	60	-27.3	0.2	20.8	17	1.32
-60	54	-27.9	0.1	20.9	17.6	1.32
-61	55	-27.9	0.1	20.9	17.6	1.32
-62	58	-33.4	0.1	20.9	23.1	1.32
-62	59	-34.8	0.1	20.9	24.5	1.32
-61	57	-29.6	0	21	19.2	1.32
-61	46	-32.2	-0.5	21.4	21.8	1.33
-62	40	-27.1	-0.5	21.4	16.7	1.33
-62	41	-27.1	-0.5	21.4	16.7	1.33
-60	34	-27.1	-0.6	21.5	16.7	1.33
-60	48	-32.8	-0.6	21.5	22.3	1.33
-61	35	-27.1	-0.6	21.5	16.7	1.33
-62	47	-27	-0.6	21.5	16.6	1.33
-60	28	-26.5	-0.9	21.8	16	1.34
-61	29	-26.5	-0.9	21.8	16	1.34
-62	45	-27.6	-0.9	21.8	17.2	1.34
-62	56	-28.5	-1	21.9	18	1.34
-63	44	-29.4	-1.4	22.2	18.8	1.35
-60	31	-30.4	-1.5	22.3	19.9	1.35
-61	34	-28.3	-1.5	22.3	17.8	1.35
-61	31	-30.4	-1.5	22.3	19.9	1.35
-62	35	-28.3	-1.5	22.3	17.8	1.35
-64	40	-27.9	-1.6	22.4	17.3	1.35
-64	41	-27.9	-1.6	22.4	17.3	1.35
-63	54	-25.9	-1.7	22.4	15.3	1.35
-64	44	-30.7	-1.7	22.4	20.1	1.35
-64	52	-30.6	-1.8	22.6	20	1.35
-65	52	-30.6	-1.8	22.6	20	1.35
73	-11	-23.4	-99	-99	-2.2	-99
72	155	-22.8	-99	-99	-2.8	-99
71	-150	-22.4	-99	-99	-3.2	-99
71	-150	-21.5	-99	-99	-4.1	-99
71	150	-24.6	-99	-99	-1	-99
71	142	-25.4	-99	-99	-0.2	-99
70	142	-25.8	-99	-99	0.2	-99
70	142	-26	-99	-99	0.4	-99
68	135	-26.7	-99	-99	1.1	-99
68	135	-25.1	-99	-99	-0.5	-99
66	170	-21.1	-99	-99	-4.5	-99
64	168	-20.9	-99	-99	-4.7	-99
63	-171	-21.4	-99	-99	-4.2	-99
62	-167	-18.5	-99	-99	-7.2	-99
60	-175	-20.5	-99	-99	-5.1	-99
59	-142	-21	-99	-99	-4.7	-99
55	-170	-23.3	-99	-99	-2.3	-99
55	-170	-22.9	-99	-99	-2.7	-99
47	20	-22.9	-99	-99	-2.7	-99
47	20	-21.6	-99	-99	-4	-99
47	20	-21	-99	-99	-4.7	-99
47	20	-20.5	-99	-99	-5.1	-99
47	20	-20	-99	-99	-5.6	-99
47	20	-19.2	-99	-99	-6.4	-99
47	20	-18.8	-99	-99	-6.9	-99
47	20	-18.6	-99	-99	-7	-99
47	20	-18.3	-99	-99	-7.4	-99
47	20	-18.1	-99	-99	-7.6	-99
34	-119	-20.1	-99	-99	-5.5	-99
33	-120	-20.5	-99	-99	-5.1	-99
28	-155	-20.3	-99	-99	-5.3	-99
22	82	-20.6	-99	-99	-5	-99
21	67	-23.3	-99	-99	-2.3	-99
-51	-77	-26	-99	-99	0.4	-99
-59	31	-27.6	-99	-99	2	-99
-59	46	-25.6	-99	-99	0	-99
-59	31	-27.6	-99	-99	2	-99
-60	-116	-26.4	-99	-99	0.8	-99
-60	54	-30	-99	-99	4.3	-99
-60	47	-25.9	-99	-99	0.3	-99
-61	40	-28.3	-99	-99	2.7	-99
-61	-150	-27.4	-99	-99	1.8	-99
-61	150	-32.3	-99	-99	6.7	-99
-61	-150	-28.3	-99	-99	2.7	-99
-61	55	-29.1	-99	-99	3.4	-99
-61	40	-28.3	-99	-99	2.7	-99
-62	61	-34.3	-99	-99	8.7	-99
-62	53	-32	-99	-99	6.4	-99
-63	61	-33.3	-99	-99	7.7	-99
-64	-114	-25.5	-99	-99	-0.1	-99
-65	-74	-26	-99	-99	0.4	-99
